3.737693
3.756921
3.519949
3.484753
3.835197
4.488804
2.691929
3.483250
4.122013
3.500546
3.689232
3.768520
3.519221
4.357585
3.127859
2.595418
3.111454
2.838954
3.627227
3.815938
4.601005
3.984363
2.749656
3.334367
2.392460
3.775094
4.068386
2.946855
3.266231
3.966628
3.929524
4.882817
3.547920
3.285279
2.930140
3.818511
3.284684
2.544952
2.887979
3.394359
3.803126
2.386313
3.319773
3.951795
4.197969
2.916490
4.242882
4.283957
4.289732
3.383959
3.724560
4.487793
3.903323
4.404889
4.224733
4.669131
4.113640
3.885788
3.956837
3.420223
3.422804
4.005053
4.182246
3.669303
3.682169
3.310927
3.158828
3.452096
2.949473
3.413651
2.798235
4.083669
3.618136
2.437078
2.433667
2.278559
2.805695
3.995528
4.181063
3.190073
3.443110
4.501420
4.397140
4.281593
4.519660
3.345770
2.335973
3.700151
2.031658
4.257574
2.648906
4.641601
4.412309
4.648255
4.268866
4.250109
3.201041
3.823421
3.209045
3.201524
4.118933
3.727313
3.950669
3.280233
2.752031
3.152269
3.434506
4.484280
3.237879
3.413528
4.034578
4.284310
2.610069
4.124238
3.194226
2.618036
4.074457
4.331395
1.728328
3.928860
4.170841
3.488743
3.238642
4.009503
2.537001
3.996195
2.926729
3.260231
4.243178
3.416541
3.618162
3.603067
2.295894
3.048193
4.089908
3.321104
3.487885
4.020306
4.272243
2.921425
4.654213
2.738307
3.472021
4.569040
3.888548
3.759957
4.004127
2.700240
1.945811
2.666468
3.889595
2.876953
2.631651
4.013633
4.486263
2.488736
4.064131
4.385307
2.183739
3.355801
3.395355
3.353461
3.623511
2.510879
3.514419
3.504341
2.726675
3.905182
2.670751
4.242211
3.740491
4.538662
3.650623
4.201840
2.024447
2.869766
2.431234
3.377860
3.810421
2.664515
3.383082
2.635299
4.103779
4.213356
4.055133
3.999659
1.674495
2.746243
4.153740
2.825030
3.757717
2.603005
3.866645
3.992604
4.475654
4.700677
3.342129
3.953421
2.274956
4.056449
4.619241
4.239924
4.476423
2.515684
3.667727
3.333099
2.593979
4.639259
3.481224
3.570824
3.175480
3.991530
1.754609
3.727117
3.920337
3.648004
3.593535
2.735497
3.899432
3.854250
3.907748
3.916706
4.243239
4.271151
2.302269
4.187634
3.168297
3.600359
4.207230
3.430124
3.698001
4.252078
4.147738
3.660810
3.476112
3.775485
4.094837
3.508112
4.016026
2.643764
2.727144
3.554929
3.414399
2.561052
4.013671
3.707379
2.609850
4.279746
3.376252
1.504297
4.245235
3.902555
4.429539
3.343484
4.356271
3.633916
2.839184
2.997252
1.571369
3.379752
3.951824
4.731149
3.869935
4.399707
3.860432
4.190155
3.403248
3.792518
3.547044
1.560954
3.022080
3.413345
3.864745
2.534640
4.118227
2.571015
4.237028
4.010761
2.613044
2.983629
3.582263
4.233605
3.949141
4.390405
1.571369
3.921111
3.824207
3.889323
3.847951
3.326069
2.459491
2.718234
3.620492
3.884343
3.953466
4.232048
4.272552
3.881371
4.825123
4.296330
2.487206
4.097947
3.452655
3.818327
3.170190
2.877584
4.139560
3.478164
2.842428
2.129909
2.609247
3.727965
2.580608
3.422821
4.127307
2.667291
2.691591
3.406091
4.537710
4.160786
3.859394
3.466636
4.051091
3.368796
3.737876
4.519497
2.326397
4.413283
2.609794
3.396665
3.781409
3.999510
3.978746
3.818240
1.571369
3.747367
4.519764
3.849386
2.678076
4.211752
2.846659
3.077002
3.722802
3.189846
1.950663
3.015007
3.163608
3.762286
3.316773
3.389498
3.208789
3.525551
3.414848
4.483829
2.896928
2.996287
1.902803
3.626355
3.693344
4.652061
2.956252
3.735665
3.344366
3.959839
3.513502
4.415292
3.438093
4.542277
3.263398
3.609667
3.574323
2.851820
4.395249
3.314246
3.183065
4.759465
3.758003
3.455943
3.435461
2.320367
4.305234
2.893990
2.701317
3.910527
3.807118
4.136905
4.371284
3.742879
2.446360
2.448020
2.534057
3.175835
4.109412
3.450582
2.982102
3.505594
2.206100
3.779254
3.562085
4.333728
2.703489
3.816752
3.777738
3.514659
4.655303
4.601133
4.122620
2.761520
3.432215
3.708225
3.899282
4.067995
3.670894
3.525724
3.111478
4.453606
4.216014
4.427730
4.100483
4.109491
3.905093
3.752764
3.458610
3.733616
3.196325
3.142667
4.066247
3.732270
3.223858
4.403312
3.506193
2.657186
3.259078
2.838519
3.538517
4.889815
4.220109
3.282158
2.822124
4.009464
2.936352
3.944076
3.869359
2.780179
3.145599
3.947996
3.024584
4.139259
3.123820
3.654200
3.839320
4.699467
4.220552
3.327920
2.310579
3.919935
4.618732
3.010113
2.948944
3.700570
3.574868
3.166938
2.745868
3.445245
4.006851
4.195930
1.523041
2.621300
3.918124
2.713819
2.877692
4.030759
2.725836
3.844414
4.189631
3.502687
3.620722
3.955513
3.431096
2.240594
3.664123
2.821623
4.175114
2.711701
3.542807
3.865407
3.958797
2.988431
4.053027
4.123367
3.535595
3.093925
3.962869
4.821255
3.606267
3.854808
4.013047
3.904471
4.056507
3.397969
3.465859
3.173706
4.824286
3.812727
3.073345
2.996663
3.616910
3.179757
4.512084
3.190962
3.473339
3.242757
1.876686
4.026425
2.606313
4.099038
4.108225
3.793470
4.611497
3.415492
4.283175
3.493286
3.597225
3.140657
3.270413
3.505244
4.107187
3.752971
3.500310
3.485754
2.857512
3.619731
2.871936
4.460232
4.417813
3.957929
4.526885
3.955308
3.164001
2.753406
3.713867
3.641444
4.063712
2.595511
3.101180
3.631978
3.744249
3.192038
3.794342
3.153528
3.824750
2.905571
4.161973
3.125007
2.247818
4.005176
3.726022
3.419479
4.234484
3.302381
4.106251
4.042946
4.160802
3.982956
3.896760
3.595551
4.371633
4.026012
4.473953
3.844530
3.674699
3.976256
4.449430
3.042559
4.239139
4.622577
3.858513
3.488504
3.714786
4.425694
3.492021
3.305073
3.498480
3.501830
1.499316
3.853730
2.735247
4.175176
4.191077
4.161556
3.932594
3.734282
3.950421
3.491576
3.814050
3.710704
3.704659
3.878325
3.251935
2.835165
1.935223
4.490086
2.753950
4.195318
3.561335
4.028531
4.669780
2.932421
4.507976
3.789139
4.187420
4.252686
3.903053
3.350732
4.289950
3.312209
3.698905
2.841570
4.178671
4.588748
3.581630
3.208487
2.305977
4.688859
2.967552
2.759815
3.650690
3.118178
3.336558
3.927836
4.415861
3.777696
4.622898
2.605124
3.739698
2.689551
3.531332
3.421549
4.644907
4.025568
3.395102
3.398175
2.467512
3.114894
3.590265
3.436829
3.372988
3.452179
3.965592
4.265340
2.581311
3.219274
4.086507
3.712712
3.514986
3.930808
3.365921
2.401925
3.668710
2.433413
4.156346
3.780264
3.120687
3.206269
4.345134
4.218281
3.345142
4.064461
2.445504
3.655192
4.185024
4.495273
3.435149
3.373960
3.012716
3.200285
4.024621
3.238095
3.275928
3.454435
3.001238
3.674659
2.834364
3.591063
3.540862
3.243793
3.499994
3.872664
3.884776
2.970346
3.586045
4.028344
3.977421
4.046547
3.219460
4.490242
3.838573
4.048025
2.510383
3.462811
3.163712
4.126880
4.283399
3.504416
3.786406
4.425597
3.185642
1.571369
4.100546
3.360505
3.571779
3.866333
4.188363
4.229912
4.391778
4.320197
3.303276
4.084819
4.032778
3.353387
4.050788
3.030585
3.809545
3.427077
3.628235
3.151850
3.274788
3.070506
3.769082
2.031601
3.291070
3.801171
2.567158
3.440129
3.700002
2.954328
3.198706
2.754156
4.344389
3.463609
4.487264
3.842873
2.886433
2.564699
4.005261
3.833145
3.555340
3.650978
4.135562
3.306098
4.047199
2.604480
4.074987
2.757465
2.513395
3.479928
2.091875
2.301277
4.196554
4.346832
3.679965
3.058776
3.463420
3.744852
3.247785
3.712650
4.417915
3.826230
3.369454
3.801450
3.836185
1.499535
3.620959
4.367421
3.974282
3.600861
3.193144
2.549390
3.794614
4.160812
4.027718
4.430748
3.464688
3.022017
1.571369
3.376892
3.419592
3.607537
3.603799
3.075594
1.942848
3.659060
4.082306
2.753500
2.232465
3.679235
3.897699
2.498463
3.973339
3.799716
4.028920
3.931617
2.134454
3.552594
3.448894
4.025059
3.495060
4.238255
2.813613
3.699873
3.355751
3.343046
4.179255
4.454447
2.173267
3.646275
4.629193
3.683653
3.852634
2.552872
3.026557
3.289463
4.073783
3.977061
2.145474
2.257720
3.894499
3.447437
2.899735
4.242735
3.900938
3.850014
2.851474
3.302317
3.208186
4.446619
3.371263
3.616000
3.189242
3.797547
3.523131
2.899379
4.331797
3.649350
2.959682
3.323649
3.809341
3.511384
4.443196
3.364059
3.770087
4.590647
3.168576
4.264826
4.564163
1.571369
3.892532
2.293933
2.092825
3.426340
3.044557
4.604030
3.800705
2.855960
4.012497
4.524559
3.645021
4.195779
3.798710
3.781579
3.724255
4.424276
3.491642
3.497661
3.988218
3.361892
4.096979
3.253066
3.643016
3.731362
3.083886
4.143012
2.785817
3.694211
4.423564
3.594652
2.192098
2.846380
4.169819
2.292674
3.914705
2.764256
3.402536
3.925006
2.492270
4.026928
3.078132
3.653603
3.583925
3.955577
3.653363
2.508842
2.769273
4.268003
3.528711
3.200805
3.790312
3.719867
2.870352
3.282935
3.768677
3.045669
3.466311
3.323751
3.463462
3.853667
3.384761
2.809438
2.560502
2.722051
3.724152
3.880479
2.776458
3.341923
2.901751
3.216444
3.265059
3.835764
4.161764
2.662145
2.719755
3.923325
2.937735
3.110716
4.343338
3.723578
3.854652
3.943174
1.591964
2.797963
3.428447
4.300813
2.784123
2.611452
1.776310
1.680567
3.650141
3.339070
4.076779
2.536085
4.655776
4.123904
4.071624
2.223496
4.572886
4.008810
4.264328
3.086035
4.507814
4.581612
2.435768
4.347029
4.307375
4.111727
4.346342
3.827976
3.282657
3.146981
2.733256
4.444132
3.879565
3.715232
4.332141
4.025148
3.125181
3.838823
4.133217
2.876905
3.695506
2.433003
2.674604
3.842495
4.380700
4.358776
3.352581
3.168741
3.282929
2.670098
2.491674
2.862566
3.086118
4.582431
4.544336
3.961521
3.842624
3.242134
4.165107
3.507045
3.592525
3.344504
2.962407
3.705571
3.492425
3.617073
3.810658
4.521261
3.793768
4.461417
3.052630
4.529143
2.702642
3.522478
2.780174
3.118505
3.856210
3.810950
3.036260
3.683734
4.193794
3.291625
3.837991
2.987017
4.366374
4.202583
4.118555
2.337978
3.922133
3.161000
2.918234
3.830858
2.419034
3.418217
3.594942
2.756130
4.102197
3.583772
3.986127
3.602204
2.048437
2.391095
3.598882
3.941562
3.668123
3.365403
3.246517
3.419129
4.712607
3.137376
3.404144
4.173933
3.492740
2.836873
3.350144
3.952999
3.146841
3.940301
4.065825
4.210090
1.543335
4.466839
3.904007
3.512359
3.451859
3.832214
4.062585
2.186464
4.212340
3.247069
4.012690
4.148591
2.550788
1.571369
3.537162
2.859488
3.425557
3.589553
4.679554
4.574487
3.915365
3.063568
4.368895
4.185243
2.658509
1.571369
2.224374
2.881144
3.381696
1.571369
2.574867
3.261619
4.075662
3.568205
4.892760
3.930652
4.740594
3.195857
4.255745
2.888922
3.331017
3.185790
3.898290
3.407025
4.239117
4.057656
3.446905
2.598392
3.514797
3.267514
3.844943
4.043175
3.760986
2.724737
3.781606
3.115544
3.581828
3.674392
4.194078
3.934844
1.933158
3.889678
3.984009
2.821437
3.505104
4.257296
3.418377
3.323911
3.726038
2.949378
4.235942
4.243989
4.332614
3.529038
3.806716
2.383568
3.323719
3.604373
3.958448
2.873412
4.319300
4.630487
3.929020
3.189725
3.815165
3.679298
2.618087
2.903451
3.415319
2.546880
3.155982
4.452301
3.222447
4.208329
3.096343
3.981086
4.390291
3.252512
3.499124
2.765402
3.242187
4.709231
2.606729
2.256858
2.525360
2.387635
3.083241
2.285470
3.805753
3.509449
3.260688
4.752265
3.358946
3.253271
2.894992
3.813302
4.046234
4.001660
4.070292
3.237359
3.483193
3.843210
3.572534
3.443203
3.683275
4.155007
2.739148
4.468261
2.786014
3.783598
3.436993
2.462093
3.118868
3.691087
2.777457
3.670499
2.430649
2.098849
3.625021
4.134044
4.511084
2.681851
3.026632
3.231709
3.830111
2.021950
4.558098
3.690078
3.525582
3.385743
2.195643
3.056756
3.911518
2.231364
4.015028
2.458657
3.075573
3.792097
3.936456
3.411510
3.772263
4.862248
3.393756
2.435876
3.839802
3.821320
4.057833
3.751059
3.100622
3.370203
3.749016
3.905036
4.157744
2.341532
3.797714
4.030372
2.706198
4.199313
3.316267
3.324295
3.846233
4.811316
2.631053
2.902776
4.699508
2.035295
2.690639
3.057198
4.179600
3.844091
4.062804
3.682364
3.967577
4.063796
4.389314
3.573782
4.139708
3.043529
3.286674
3.205416
3.279971
3.412617
3.806608
3.894171
3.623290
2.770112
3.505113
3.130481
2.338449
3.445615
3.650590
3.994960
3.213488
4.037493
2.276062
2.209624
3.952032
4.317636
4.863153
4.239200
3.883966
2.987730
4.190566
2.063012
4.059760
2.636214
4.191498
3.791115
3.395833
3.626641
3.521899
3.141254
3.075573
3.791501
4.324315
1.841889
4.372585
4.339532
4.042500
3.902952
3.882167
3.863391
4.137804
3.932759
3.586627
3.424931
2.447438
3.998382
4.101795
3.488974
3.486646
3.763811
2.070892
2.664132
2.654346
4.069861
2.983027
2.675986
4.735909
3.267203
4.617260
4.188336
4.350169
2.965831
3.955065
3.100811
3.653971
3.759726
3.757563
2.229493
4.494400
2.220941
3.557858
3.685518
3.431375
2.644123
4.317755
3.015718
4.941669
3.607920
3.765472
3.397596
2.640465
3.782121
2.963287
3.786884
3.205369
3.506001
3.451130
3.169459
3.680372
4.099477
3.602272
3.966138
3.786948
3.700931
2.932597
3.976196
2.203620
3.949793
3.612269
2.800904
2.716855
4.472528
3.086587
3.319980
3.101862
4.426075
3.869281
3.711095
3.255133
3.553649
4.389196
3.506212
2.828013
3.607961
3.297011
3.615317
3.557540
2.404325
4.313549
3.652170
3.953037
2.572398
4.105429
3.562055
4.408066
3.934448
3.034565
3.807525
3.573122
2.315961
3.231539
3.862584
3.411062
4.308999
4.229132
3.267522
2.787570
3.481599
2.669557
3.078144
4.069989
3.350588
3.246825
2.457636
2.239135
3.080027
3.965617
3.233866
3.145198
3.118293
4.449743
2.216165
4.074640
3.443326
3.792141
2.557428
3.846379
3.601646
4.204010
4.222421
2.809935
4.083453
4.210913
4.202250
3.572248
3.852342
2.451020
3.944131
1.676444
3.603195
3.614492
3.699558
3.659550
2.649904
4.450621
3.993263
3.768543
3.790727
4.318541
2.933562
1.699774
4.161554
1.839924
3.683872
3.903833
2.626577
3.685669
3.970025
4.084106
3.281483
3.210379
4.487690
4.161160
3.432875
2.976679
3.635363
2.425269
2.844848
3.999512
3.987597
3.868994
2.556740
3.936545
3.024035
4.296230
4.041007
4.031908
2.602119
2.461556
2.704350
2.776022
3.982569
3.703194
2.262729
4.472878
2.363067
4.193860
2.305143
3.792302
3.950066
2.484556
4.602528
4.117665
3.436615
3.716810
3.947284
3.037421
3.472321
1.903413
3.206280
3.634532
4.168346
4.358907
3.456088
3.600638
3.073574
3.441570
3.173392
2.585853
3.457191
3.071613
3.192383
3.866593
2.748987
3.661818
3.403750
3.823265
3.964487
3.648677
4.293646
3.711879
3.278950
3.329249
4.250056
3.857772
3.625747
3.815596
3.834919
2.710220
3.605940
3.535281
2.596654
3.689283
3.896673
4.307893
3.484608
4.477886
3.201094
2.707717
4.145472
4.273818
3.391829
3.981973
4.393480
4.163806
3.983016
4.113655
3.476965
3.177928
4.020409
3.544780
3.694018
2.834845
4.475780
3.788644
2.096971
4.218229
3.122121
2.896025
2.944665
4.232901
4.261508
4.529145
3.946574
3.434648
3.878742
3.770538
3.032979
3.837401
2.375585
3.617149
2.744987
3.111454
3.960121
3.921983
4.127598
2.900887
3.749884
3.797758
3.426002
3.872161
2.211221
4.037332
3.905427
3.833467
3.212756
4.687881
3.705242
3.508787
3.054034
4.744447
3.608877
3.606540
3.651004
3.567676
2.167889
4.197156
4.519578
2.870947
2.099703
3.897354
3.788672
3.425579
3.708309
3.278435
3.238267
4.022398
1.854046
3.861205
3.708339
3.681261
4.196983
3.178269
3.370599
2.533787
3.791731
2.954121
3.017486
4.007294
4.665767
4.160989
3.566460
3.814578
2.888026
3.748022
3.372817
3.717359
4.215923
3.888853
3.940456
3.312126
2.878139
3.905402
4.371965
3.499108
2.891417
2.977418
4.428282
3.278888
4.015443
3.175128
3.152452
3.604828
2.999604
3.465500
3.459810
3.326077
4.356763
3.375497
3.779805
3.165119
3.562994
3.430838
3.399890
2.666069
3.797048
2.972997
4.158102
4.018098
3.787727
4.199800
3.898014
3.858315
3.738879
3.980260
2.083414
1.571369
3.346503
3.283044
2.847939
3.349269
4.197897
1.669738
3.276722
3.784035
2.287513
3.936673
3.192342
4.286826
3.335559
3.339759
3.857180
4.292277
3.144447
3.735960
2.666067
4.411189
3.500346
3.128589
3.343661
3.949299
3.064790
4.132505
4.203587
2.258797
3.960768
4.065958
3.178394
4.265949
4.024674
2.857689
3.386678
2.651691
3.669533
3.991516
3.657908
2.299903
3.575106
3.847463
4.014837
2.239630
3.522344
4.122983
4.265395
3.240161
4.909084
3.639146
2.294727
3.468486
3.475847
3.238983
3.947278
3.410008
3.965926
3.444295
3.416332
3.289842
3.645446
2.024346
2.893442
4.083894
2.620382
2.954510
3.663445
3.945415
3.465037
4.133635
4.031715
3.425483
3.466391
4.813210
3.301320
3.910704
4.242237
4.511251
3.620220
4.151327
3.457694
3.276184
2.644337
3.074667
2.829012
4.043924
3.996096
3.804549
3.878238
3.189138
3.299758
4.385834
3.846092
1.571369
3.591472
4.353921
3.634925
3.674384
2.610555
4.539620
4.433673
3.139578
4.626538
1.868304
4.738639
2.556055
2.863520
3.919969
3.871547
3.187291
3.395212
2.861674
2.598488
4.044967
3.499268
4.345643
3.470782
3.884724
4.053320
2.982141
3.802086
3.919572
2.693808
3.603496
4.182429
3.689277
3.393312
2.584904
3.616630
3.823417
3.894788
2.805113
3.448844
3.001615
4.135030
2.731372
3.718110
2.735995
4.095862
4.388175
2.729332
2.773657
4.201950
4.074784
3.667272
3.254029
2.713137
3.927767
2.833454
3.596435
4.408619
3.666217
3.068598
3.301589
3.636427
3.484675
3.247684
3.475037
3.880428
4.704496
4.141169
3.326365
3.940708
3.671495
4.236131
4.621391
3.100141
4.219356
3.874298
3.276536
2.838722
3.624774
3.238470
2.853501
4.100062
2.974693
3.457999
3.530610
3.616607
4.303337
3.622032
2.500276
3.468624
4.031285
4.314687
3.226471
3.536364
2.594739
3.438807
4.079877
4.015160
2.889968
2.482810
2.990609
3.657959
3.811762
4.044821
4.167742
4.061067
3.807334
3.316023
4.383061
3.121587
3.516861
2.969196
3.355224
4.291269
2.520071
2.882692
3.947508
3.243137
4.840070
3.661107
3.622417
4.600518
4.114372
2.632970
4.762272
3.991791
3.663569
2.981142
4.147817
2.564717
2.453334
3.080486
2.883670
2.754148
4.403038
4.200823
3.911329
4.095654
4.067017
4.415739
2.876342
1.972781
3.962080
3.561146
3.185213
3.642042
3.566229
3.846229
3.556349
3.753350
2.570100
3.751351
3.442254
3.957216
4.943552
3.148143
2.635571
3.807908
3.135682
3.268970
4.794800
3.782416
4.205015
4.538866
2.892776
4.068697
2.751003
2.673490
3.424877
3.975401
4.221565
4.631591
3.766019
3.344769
3.362379
4.211604
3.340095
4.659379
3.784414
2.023382
2.379628
3.445673
4.370538
3.317610
3.433967
3.508263
2.494838
3.331808
3.707891
3.049095
3.705055
4.073194
3.539024
3.763855
3.919216
3.300357
2.029083
2.886058
2.737535
3.276989
3.513732
4.020902
2.146982
3.815748
3.196176
3.819988
4.778713
3.396410
1.577327
3.668762
4.461019
3.894825
2.520310
4.688747
3.518157
3.459426
3.060430
2.682373
2.746900
2.303513
2.921412
3.007180
3.244887
4.213649
4.010807
3.484928
3.835268
4.310611
3.188565
2.410554
3.998767
3.916099
4.816726
3.701869
3.648118
3.424775
3.143423
3.138830
2.452019
2.631266
4.015335
4.291324
2.721639
2.741027
2.394516
4.030449
1.883311
3.675269
3.708124
3.332188
3.785006
3.681668
4.074474
3.813444
3.244998
3.948613
3.790442
2.864176
3.933844
3.307539
3.481407
4.304307
4.161464
2.870889
4.306419
3.754111
2.867661
3.046268
3.894547
3.324883
3.980485
4.329994
4.213991
3.404919
1.494040
3.923763
3.853936
4.352232
3.160206
4.544026
3.466539
1.571369
3.858556
2.628934
2.836977
2.330589
3.650446
3.563747
3.639041
3.026012
3.863023
1.919241
3.633825
4.746978
3.498658
3.207883
2.626105
3.797743
3.045314
3.879585
3.257796
3.807637
2.965593
3.691116
3.290996
3.113998
3.837541
3.846995
3.552678
4.047316
3.314098
2.915296
3.025836
4.069927
4.366443
3.218502
3.364216
3.216424
4.564752
3.764616
4.888951
3.575390
3.504255
3.177838
2.656425
2.912669
4.216023
3.324370
2.355686
2.137771
2.643607
4.088570
3.202633
3.740179
3.628744
3.543020
4.210179
4.173738
3.953101
4.010922
2.746845
2.713368
3.077347
3.927452
3.822394
4.372458
2.353962
3.006476
1.833423
4.093875
3.362562
1.910825
3.801133
4.132066
2.556214
3.763063
3.007002
3.035422
3.211181
3.301786
3.334458
3.587254
2.344154
3.620741
4.104589
3.358398
3.180101
2.057606
4.063525
3.254846
1.649360
3.172473
3.779954
1.856537
3.746914
3.171122
3.616030
2.744112
3.085388
3.470152
3.186387
3.596088
3.902171
3.627782
2.808003
3.617451
1.571369
3.000869
3.583332
2.761425
3.568016
3.841018
3.519642
2.821370
2.949322
4.073524
3.958243
3.283932
1.571369
4.317654
3.939458
3.191101
3.522638
3.405892
3.532277
3.484811
2.963804
4.197990
3.962305
3.584606
3.790729
3.189727
3.069355
4.403314
2.887397
3.172970
3.468462
3.148261
3.295927
4.061914
3.482799
4.337852
3.706803
2.302619
4.087603
4.905587
3.626089
3.996055
4.166415
3.427213
3.638553
4.707052
3.978684
3.188138
2.376861
3.975507
4.023376
3.592309
1.571369
3.181856
2.422586
4.639311
2.541535
3.601933
3.665769
2.498786
3.172442
3.331930
3.850453
3.968815
3.614816
2.733610
2.325810
4.125233
4.130240
3.021171
2.047897
3.240262
3.427944
2.843601
4.351546
4.436458
3.201608
4.951503
3.773262
3.999804
3.194068
2.030255
3.202417
3.435678
2.532927
3.983589
2.668931
2.479265
3.996769
2.877124
3.343844
1.571369
3.543349
2.397197
2.890395
2.804726
2.731744
2.282138
3.821289
4.039869
3.607669
3.947271
2.691422
3.477983
3.876014
3.047572
3.853297
2.831687
4.340935
2.462699
3.839213
2.073578
4.071360
4.718537
4.088550
2.964442
3.596961
3.199998
2.568082
4.209012
2.433878
4.320824
3.651265
2.850867
3.847855
3.047374
3.573159
3.179715
3.693203
3.914504
3.861140
1.500687
3.237603
3.917445
2.997445
3.693339
3.989295
4.461332
3.821932
4.042585
3.039403
3.177914
3.826875
2.827941
4.145248
2.844891
3.711934
2.315418
3.606345
2.162231
3.813869
1.571369
4.110334
3.836738
3.399453
3.782819
2.922388
2.806945
2.044469
3.275361
3.729250
3.021614
4.082179
3.540338
2.418169
4.296619
3.709728
3.797275
2.656827
3.585695
2.952153
3.946455
4.354994
2.795816
3.958893
4.000853
3.341269
3.893575
3.316654
2.701940
2.330123
2.383519
3.185819
1.743535
2.731956
4.289468
3.093901
1.557380
4.833318
2.984439
3.468628
2.986926
2.906338
1.481319
3.949723
3.803764
3.799721
2.949570
3.970955
2.433318
3.237146
3.867119
3.660526
1.496394
4.221725
2.862575
3.691651
3.200545
2.635247
2.386652
3.936913
3.356405
3.415684
4.340529
3.408714
3.317807
3.595237
3.990347
4.285974
3.804978
4.074538
3.430371
3.138345
3.422334
4.528797
2.282148
3.997748
2.681035
2.406566
3.775348
3.300603
3.172625
3.113824
3.382967
4.121777
3.450717
3.651713
4.440128
3.596973
3.193941
3.616549
2.669606
3.365187
2.743638
3.247998
3.796164
3.208057
1.571369
4.324125
1.813806
3.593783
4.620519
2.586699
2.318961
3.608541
3.591778
2.937552
4.234206
2.756269
3.841101
2.860819
3.462141
3.207052
3.736248
2.739644
3.610968
4.153096
3.928728
4.170091
2.776141
2.369802
3.818854
1.973407
3.743211
3.409299
2.921082
3.555851
3.674699
3.820035
4.435652
2.885175
3.784519
2.513210
4.372043
3.356602
3.686790
3.774218
4.053586
3.382462
3.859971
4.157155
3.714287
3.784983
3.331131
4.409325
4.283733
1.975100
3.001888
3.788191
4.321014
2.815343
3.063642
4.188917
3.374290
4.369881
4.165492
4.066779
2.640205
3.005515
4.614317
3.506696
1.861816
3.952707
4.117084
3.207736
2.995990
3.988373
3.679178
3.593292
2.878931
2.643779
4.219457
3.957271
3.989964
3.843216
2.688303
2.648513
4.447177
2.070121
3.138643
3.956795
4.216744
3.920532
3.745558
3.452246
3.762667
4.156631
3.536621
3.132290
4.281097
3.844816
4.168875
3.880368
2.441212
3.971384
4.141078
3.379271
3.248943
4.219675
3.226733
3.891408
4.220634
1.870477
4.736524
4.173125
2.778004
4.510941
3.382307
2.049379
4.012272
3.570588
4.238143
4.439155
2.709510
3.948220
3.896619
3.773562
2.592660
2.463326
1.750424
3.620895
2.519021
4.049232
3.494500
3.109568
4.200819
3.718459
3.013720
3.092699
4.281188
3.580253
3.946428
3.422811
3.864717
4.087478
2.918313
3.039669
3.878610
2.567609
3.614459
3.599486
4.237992
2.250811
4.520165
4.338462
3.760585
3.311736
2.933822
4.025363
3.793980
4.092058
3.911555
3.746702
2.687588
2.960491
2.322685
3.373049
4.209308
3.692741
4.602960
4.252873
4.035355
2.863327
4.255402
2.956388
4.229163
3.511931
3.552848
2.356767
3.561634
2.405994
3.593284
4.025897
4.133421
2.579412
2.925977
3.888330
3.103260
4.747426
3.301002
3.975861
2.845105
3.736523
4.011653
2.339784
2.774385
4.381253
4.188689
2.480080
3.675189
4.253998
4.818325
4.145571
3.493447
2.980431
2.968053
3.488096
3.285769
4.277989
3.265747
3.502541
4.396317
2.092724
3.824199
3.085752
2.511813
2.052112
4.623775
4.496404
3.762096
3.905379
3.261528
3.070689
4.492269
3.797190
4.422621
3.600915
3.285094
3.112319
3.296662
3.372097
3.774436
2.559579
3.333090
2.558197
1.571369
3.313911
1.767160
3.126908
3.625381
3.531381
3.329363
2.899356
2.702229
4.026316
4.011388
4.202326
4.096707
3.371324
3.172797
3.850265
3.714411
2.086082
3.278179
3.585845
3.797585
3.793655
3.294924
3.904305
3.582885
4.662842
3.929118
3.485760
4.080436
2.235784
2.973845
2.257178
4.093056
3.640295
2.360291
5.044317
3.675893
4.415227
4.051112
3.495271
3.816646
3.439742
3.483810
4.141955
2.726521
2.964407
1.571369
3.463010
4.045112
2.423811
3.923965
4.408244
4.428584
4.121876
3.732893
1.520694
1.703878
3.788403
3.556221
4.014429
2.593847
3.818040
3.584381
1.921434
3.601008
2.793616
3.891888
3.645603
3.272935
4.590832
4.172878
3.820699
4.166859
3.690194
3.711261
3.909111
3.407930
4.018293
3.690887
3.440610
3.839261
3.103745
2.591437
3.646351
3.293933
4.023269
2.969426
2.119155
4.451297
3.835331
2.798362
4.307791
3.111647
3.425544
2.967431
4.489750
4.501282
3.958569
3.057969
4.075132
3.667808
4.220598
3.127376
2.938373
3.169412
3.733921
3.805892
4.522575
3.435848
3.697663
2.260828
3.853122
3.693194
4.344697
4.034534
4.279097
3.358859
3.287754
4.120458
3.771992
4.429584
3.710092
3.965972
3.733692
4.266757
3.728968
3.168604
2.803761
3.840679
2.641730
4.160554
2.762525
3.718976
3.981250
2.230761
3.935802
3.195351
3.343263
1.571369
2.767318
3.597986
3.295097
3.530873
2.712757
3.419502
3.881027
3.383336
4.487304
3.609339
3.324058
3.648262
3.074096
3.584033
1.571369
3.927341
2.768935
2.224680
3.653782
3.450850
3.638149
3.248846
2.756680
4.018516
4.879111
2.995456
4.389847
3.561133
2.346102
4.298175
4.027077
2.691897
3.335489
3.520699
4.049292
3.885662
3.696837
2.329769
4.625748
3.357103
2.992457
3.965511
2.532351
4.307514
3.045377
4.080327
4.020485
3.846616
3.430759
3.892783
3.937001
4.005466
3.739821
2.677809
2.036997
4.136713
3.140461
4.861557
3.933182
4.628843
3.298225
2.925831
3.527847
1.717540
4.625887
3.691290
2.105166
2.827414
4.286758
3.156421
3.635354
3.584763
4.119157
4.259451
3.809473
4.212236
3.957813
3.668809
3.773620
3.649124
3.117351
3.018051
3.180736
2.421082
2.843863
3.764244
3.041156
2.844710
3.732430
2.217196
1.779516
4.189452
3.626199
3.636977
2.528113
1.497859
4.005024
3.459796
4.628292
3.344546
2.842378
3.374152
3.754946
2.538102
2.525925
2.243372
3.272070
1.571369
3.399018
3.183446
3.584894
2.170450
2.445174
4.736364
3.659447
3.076262
4.325025
4.049969
4.270037
3.596740
3.420784
2.997726
4.199087
3.622168
3.919775
3.460715
4.279724
3.564206
4.182487
4.474749
2.813099
3.095471
3.552628
1.920172
3.428925
4.247404
4.315550
3.253117
2.655290
4.402290
2.572245
4.129781
2.661900
3.722895
3.213345
1.571369
3.912601
1.862919
4.399666
2.934021
3.987173
4.351525
4.470202
3.644413
3.951071
1.967006
3.831476
4.508044
3.721261
3.849172
2.831205
2.885688
3.957939
3.262137
3.464030
4.356050
4.024022
4.260736
3.541151
4.273197
3.018528
3.753879
2.854134
3.859668
2.403904
3.970461
4.407627
4.098735
4.058426
3.417439
2.681836
3.685174
2.287093
4.467328
3.765617
4.192607
3.248940
3.445570
3.448103
3.267677
3.064090
4.174732
3.364432
2.680006
3.678498
4.081598
3.897284
4.512657
3.794528
2.688305
3.923940
2.664016
1.761459
2.605196
3.814790
1.571369
3.612337
3.414511
4.294023
3.520548
3.755013
2.004502
3.608508
4.056888
4.313515
1.571369
4.344293
2.963623
3.798692
2.355353
2.731964
3.950006
3.673481
2.743287
3.723993
4.391401
3.431328
3.870020
4.316082
3.273083
3.268859
3.261791
4.723645
2.666204
3.750838
2.775051
3.326719
3.225925
2.202833
4.109231
4.157741
4.040294
3.682872
3.585538
4.373012
3.621696
3.472842
3.207636
3.402626
4.467692
3.273539
3.576681
3.936076
3.630632
3.010009
2.872847
2.992806
2.830566
3.923991
3.685711
3.299464
3.627469
3.783608
2.882512
2.915243
3.876468
3.972816
4.453373
3.394895
4.768336
3.620844
3.976870
4.030396
2.915163
2.598424
3.856678
2.714829
4.160049
2.870243
1.571369
2.173099
2.661176
4.256343
4.181791
3.741059
2.531580
4.267341
1.571369
3.869981
3.971546
3.422713
3.881128
3.384715
3.378899
4.188245
4.001721
3.935830
4.086746
3.303259
3.235680
3.819201
4.587902
3.669948
3.716345
2.702629
4.260084
3.224617
4.364982
3.899518
3.344476
4.066397
4.468193
2.765967
4.174131
3.265676
4.110773
3.690555
3.911540
4.034883
3.085052
2.782438
3.832837
2.272992
4.298350
3.804081
3.755099
3.161936
3.340714
2.565249
3.500280
3.055416
3.971155
3.570144
3.844771
4.308071
3.369697
2.438346
2.959335
4.065833
3.414329
2.259964
4.279980
2.218063
4.612231
3.591330
2.760598
2.376944
4.802685
4.317204
1.569417
3.106269
3.695191
2.137503
3.047004
4.451240
2.571431
3.654256
4.573470
1.493998
2.222533
3.572561
4.077254
4.601613
3.345311
2.452085
3.977259
3.955080
3.601611
3.286609
4.222665
3.337320
3.110604
2.867676
3.699622
4.097932
3.884407
3.797882
4.589313
3.003901
3.618578
3.872772
3.860919
3.077308
2.819968
3.502945
4.074941
2.191920
3.695179
3.128076
4.096488
2.525571
3.257921
2.028806
3.776074
3.176773
3.669241
3.664705
4.329755
4.634209
2.376050
3.194265
3.588701
3.155617
2.863347
4.476515
4.279977
3.497249
4.256006
3.874103
4.128162
2.305307
3.605512
3.853512
3.729348
3.625658
3.820938
2.789488
3.698843
2.747722
3.876959
3.771214
4.090617
4.198375
4.157102
3.843325
3.189177
2.668442
3.079324
3.119061
4.106485
4.406948
3.169759
1.999705
3.668774
3.632311
3.976300
3.673150
3.844628
3.938828
3.242880
2.834365
4.389946
3.340068
3.299506
3.683597
2.214756
4.128968
3.356398
2.774021
4.533379
4.106955
4.047993
4.560432
4.521920
2.650506
3.895337
3.853002
3.601326
3.782147
4.216427
3.243114
3.220952
4.473265
2.845495
4.222538
4.112980
3.947745
3.595320
1.570313
3.887252
4.049200
3.679381
2.971762
3.808608
4.274302
2.924268
4.680525
3.963086
3.044048
3.578667
4.548718
2.380855
2.925745
4.025974
3.714574
4.310418
4.390136
3.755802
3.755763
3.863738
3.974406
3.371032
2.507527
3.711940
3.635675
2.643190
4.596686
4.294230
3.950483
4.036207
4.026131
3.589300
3.749074
2.714015
3.862835
4.065450
3.292929
3.616160
3.709973
3.479567
3.517649
3.541843
3.510137
2.397153
3.635626
4.007817
3.401516
4.210892
3.918863
3.364758
3.977878
3.812641
3.410847
2.838155
2.876782
2.856397
3.896080
4.189210
3.846073
3.861714
3.556798
4.155009
3.678814
3.856105
4.626166
4.423452
4.119631
3.196897
4.224174
2.693048
4.096571
1.514727
3.501375
3.261467
3.666891
1.654516
2.956402
4.522295
2.778832
3.467940
3.666072
2.534012
2.463062
2.265509
3.039822
1.930602
2.904660
2.709358
3.776418
3.506442
4.108396
3.821232
3.069331
2.522178
3.384757
2.878673
2.431912
4.383447
4.129537
2.819708
1.623804
4.336038
3.743430
3.752591
3.661374
3.814198
3.558893
3.750396
1.788278
3.183006
4.056113
4.112899
3.814336
3.593158
2.980703
3.711670
3.459469
4.250299
3.849009
3.334671
3.999413
3.082138
3.302692
3.840764
4.426016
4.351914
4.235546
3.729788
2.733406
4.037311
3.527709
4.406811
3.498148
3.443792
3.818907
3.362323
3.399581
4.158282
4.018570
4.114614
3.739521
3.397219
2.258711
2.840634
4.127828
3.228154
3.942075
4.782984
4.046304
3.518450
3.834212
4.496220
4.590705
2.572811
3.476339
3.747025
4.019000
3.595781
3.291921
3.979520
3.735474
3.578851
4.265348
3.439690
3.234172
4.019240
4.564514
2.588789
3.752235
2.163762
4.915241
2.925479
3.988205
2.997504
2.971387
3.464415
3.197898
3.598156
2.112701
2.609110
3.540609
3.189085
2.964695
3.567655
4.098053
3.567273
3.809039
3.988150
4.149414
3.113328
2.868971
2.158691
3.049009
3.000519
2.710823
3.707975
3.011858
3.663696
3.125056
3.258035
4.222050
1.571369
1.496376
3.433362
3.926272
3.725820
3.375917
4.276346
3.683109
2.322146
3.561983
4.536394
3.715211
4.008412
4.031882
3.399358
4.335557
3.805569
3.827281
3.713549
4.150416
1.452488
2.090376
3.455703
1.504090
3.911088
4.158292
3.696045
3.846688
3.516237
3.346359
4.324028
3.909457
3.856590
4.624758
2.742350
3.586205
3.787064
1.614873
3.858490
2.950367
3.971159
3.624798
3.586108
3.629558
4.530458
3.752235
2.514943
2.486404
2.053978
4.537926
3.425889
4.545676
2.361996
3.411262
3.645827
3.908869
2.189473
3.846586
4.502162
3.528870
3.398162
2.771199
3.570271
3.524984
4.246827
3.052220
3.610707
3.987082
2.950422
3.668302
3.863298
3.510613
3.242259
3.684828
3.759841
3.155110
3.656293
3.811594
4.008914
4.172108
3.016451
3.527439
4.295080
2.804709
3.113729
4.119413
1.838772
3.531961
3.654643
2.609232
4.551741
3.573162
3.332392
3.416272
4.381184
4.320309
3.293715
4.039547
4.413296
3.113126
4.500556
4.012740
3.949440
3.101404
3.617260
2.805594
3.767188
3.956987
3.822644
4.303513
2.758010
4.551769
4.062586
3.440885
4.305344
4.316004
3.073133
2.917307
4.411647
3.740284
3.390968
3.028052
2.810050
3.826369
3.998808
3.431208
2.825870
4.339744
4.683017
3.786838
4.312119
2.498901
2.868399
3.884220
4.071122
4.045822
2.214789
3.492949
4.316485
2.915743
4.731355
2.976139
3.687480
4.339466
3.590848
2.945439
3.795380
3.945260
3.516109
3.331814
3.556568
2.985250
3.149271
2.204640
3.787531
4.676341
3.904723
4.555699
3.167697
4.802054
2.488187
3.640641
2.724850
1.571369
3.222802
3.550018
3.191147
3.741524
4.281819
3.367175
3.225142
2.829814
1.504755
3.620994
3.856638
3.564712
3.605002
3.438273
3.804789
4.198233
3.009817
3.239429
3.751714
4.400382
3.927104
3.090013
3.681706
2.698471
2.242180
2.751665
3.307469
3.784717
2.817616
4.024987
2.998333
3.250018
4.476099
5.074195
3.795233
4.026553
3.909963
4.365061
1.571369
2.282580
3.055816
2.893989
4.464912
2.563660
3.740725
4.318693
4.092141
2.960828
4.044870
1.513984
4.254174
3.660219
2.790832
4.374573
3.887578
2.614718
3.882392
3.468087
4.094955
3.322464
3.064696
2.653881
3.705093
2.843410
1.502523
3.774860
3.341507
3.402005
3.475864
2.578053
3.733811
3.584502
2.374479
4.178307
3.630821
2.187742
2.513808
3.715827
3.838769
4.133047
4.264705
3.936208
2.479757
3.440192
4.367494
2.535591
3.687143
3.578563
2.383785
2.852624
4.132220
3.294539
3.972621
3.715435
2.518180
2.926729
3.875895
2.932740
4.034611
3.085997
3.264869
3.215998
1.571369
4.021611
3.850963
3.598579
3.424566
3.974539
4.295104
4.374073
2.473632
3.350852
3.585871
3.741960
4.215369
3.266770
3.911469
2.364802
3.392102
3.324724
3.477322
3.795272
4.240952
4.676543
2.472204
3.971869
3.267819
3.539547
2.634711
3.618743
3.553559
3.577404
2.881422
3.133458
3.926535
3.487423
2.163463
3.165308
3.550441
4.299184
2.935518
3.919139
3.116963
1.966231
2.923436
2.693680
3.466816
3.326977
1.571369
2.551712
3.081039
3.196517
3.362916
3.563472
3.822301
4.208979
3.544549
4.341746
4.342278
3.912341
2.822187
2.578578
3.493418
3.815002
3.664495
4.026106
3.699419
3.450688
4.310809
3.259197
4.142040
3.255398
3.000364
3.645519
2.721745
3.400377
3.900746
3.543555
2.734373
3.700354
3.193553
3.817287
3.381551
3.541920
3.813930
3.017518
2.673801
4.287885
3.594898
3.482256
3.518586
3.121818
4.598878
2.303744
3.623225
3.389469
3.330593
3.795574
4.270700
3.379393
3.676266
3.335556
3.834692
4.109725
2.397166
3.661396
3.638245
4.148969
2.807139
2.878697
3.145993
3.484889
3.604593
3.898459
3.784512
4.295646
4.278948
3.923017
3.575946
2.896308
3.689635
4.493052
2.796633
3.042412
3.142132
3.836452
2.655596
2.427389
4.675359
4.122878
3.573871
4.033495
4.026350
4.192281
3.450368
3.917767
3.617206
2.818988
3.883630
4.072912
3.487015
2.550769
3.936094
3.594308
1.555709
2.667454
3.452405
4.273389
4.185383
4.291638
3.403726
3.514517
3.791055
3.797603
4.393526
3.844636
4.558128
3.856652
3.647613
2.679312
4.834910
3.259782
3.323534
3.320170
3.441031
4.486631
3.133159
2.872458
4.467443
2.923624
3.243948
3.318210
3.198809
4.526145
3.306371
4.196678
2.776616
4.323981
3.559237
3.620497
3.653385
4.534608
3.855156
3.189956
4.008256
2.347620
4.351502
3.270763
3.797572
3.988841
3.854610
3.722871
2.847155
2.888900
3.002590
2.674346
4.297670
3.249132
3.342425
3.438387
3.350111
3.902332
3.688066
3.345916
3.820324
3.813086
4.080784
3.916307
3.456602
4.537424
3.083127
3.929792
3.360982
4.007730
3.477239
1.571369
4.394145
3.757687
3.701113
3.583541
3.332471
3.072186
4.103237
3.553726
2.806649
3.373574
3.539640
3.245931
4.474985
3.640646
3.082593
2.759074
3.353967
3.732787
4.078687
3.285079
4.430529
1.771761
3.290962
3.196235
3.961102
4.016959
4.783117
3.520120
2.994186
2.684906
3.094917
3.757895
4.125015
3.134623
3.463646
2.272305
3.681758
4.072681
3.431115
4.013772
4.092734
4.031944
3.247139
2.875114
4.394505
4.326931
3.402707
4.180254
3.052942
2.940962
2.813773
3.664540
4.241159
3.251949
3.538804
3.730290
3.579115
3.120021
3.411970
4.177649
4.397768
3.492962
3.983164
3.944859
3.595988
4.620483
3.755020
3.754424
4.160258
2.936808
4.340317
2.422147
3.617055
1.519466
3.622981
3.994334
4.555122
3.833226
3.891339
3.928635
2.794084
4.969273
3.318085
1.993544
4.635571
3.812871
3.569423
3.945760
3.305266
4.061859
3.507082
3.459787
3.944261
4.245061
3.838174
3.422212
3.613439
3.846055
3.601073
4.098469
3.873619
3.327899
1.499762
3.020545
2.551284
4.630081
4.134710
4.409806
2.924903
4.099522
3.720545
2.690543
3.947864
4.430706
4.439918
2.913034
3.380539
3.647449
3.821219
2.749504
3.526546
3.690365
4.000216
3.931233
3.386666
2.953946
3.155922
4.001375
3.226582
3.577609
3.745628
3.682436
3.647006
4.131564
4.218986
4.224434
4.529432
4.163452
4.200415
4.650532
3.476766
1.571369
3.872189
4.100824
4.371203
4.589557
2.762184
3.232576
3.256606
3.966535
4.148379
3.718979
2.633102
2.987918
3.742859
1.491622
3.669917
3.561547
4.667601
3.930733
3.513776
3.796162
3.396620
2.302226
4.267036
4.545289
3.903080
2.959220
3.677579
3.831136
3.776576
3.513027
3.165762
4.195019
2.732779
3.981128
2.017417
2.733713
3.296875
4.764601
2.832054
1.867853
3.220850
4.261848
4.646646
2.771108
3.169239
3.133952
3.647136
3.129727
3.808982
3.398942
3.742220
4.302014
4.155310
3.436763
4.392922
3.306147
2.982405
3.741848
4.217553
3.724183
3.384282
4.343785
2.813523
3.952819
2.970863
4.042023
3.918894
4.699853
2.857780
3.941039
3.722733
3.848567
4.757919
4.002787
3.376886
2.909989
4.488706
3.973209
3.506212
3.856431
4.374583
3.399712
4.081522
3.197876
3.340124
4.267904
3.622920
3.889909
3.674019
4.185446
4.533166
4.106846
2.868951
2.825319
3.159502
3.531023
3.305554
2.960856
3.588265
3.445463
3.519741
3.770234
3.631642
3.954799
1.571369
3.806047
3.803348
2.487946
2.883224
2.288557
3.038248
2.724499
3.287136
3.290777
4.599263
4.037388
3.387645
3.509140
2.682227
3.410176
4.381062
4.308242
4.738644
3.835063
3.800839
3.338783
4.347122
4.449537
3.524732
3.905852
3.125478
3.213285
3.625870
2.231103
3.084404
3.706460
3.811368
3.425104
2.541882
3.757951
3.553780
3.834171
1.677441
3.961581
4.045937
3.574910
3.865862
3.344974
3.070483
2.711524
4.415946
4.260076
3.020714
3.615587
3.559653
4.049651
2.971236
3.267046
4.158114
3.369524
4.009931
2.615088
2.479359
4.202034
4.600542
3.350871
3.549803
2.072045
3.211344
3.016352
2.704970
3.230608
3.597055
3.456343
1.571369
4.611780
3.620412
3.333940
3.275679
3.378663
2.712768
3.428902
4.043221
4.489048
3.231233
3.944675
2.879785
3.273507
4.123777
3.561204
3.543160
3.658951
3.718200
4.393814
4.037242
2.795454
3.331939
3.530959
3.336557
3.614775
3.658241
3.501851
3.803926
4.234475
4.148155
3.994159
4.425408
3.543847
3.232544
3.555899
3.717196
3.950137
4.199410
2.678405
3.330439
2.548965
2.187306
4.170008
3.343167
3.755526
3.659183
3.866716
3.926672
3.508943
1.571369
4.209319
3.600750
4.107893
2.335303
3.407886
3.327364
3.565057
3.835531
2.449871
4.379933
2.237725
4.726443
4.144857
3.638884
4.847056
3.840538
2.870106
4.272232
4.859239
3.568079
3.595317
3.942064
3.912076
3.733475
1.819027
2.570329
1.845841
3.979456
3.037292
4.051088
2.319912
3.557251
3.175242
2.835802
4.554713
4.513693
4.190623
4.381018
3.518399
2.577175
3.514097
3.200532
3.728817
3.484508
3.427087
3.646821
2.995728
3.499850
5.183176
4.430291
3.959098
3.579069
3.567301
4.414172
2.956206
2.900076
4.225039
4.095527
3.673794
2.927979
1.663888
3.914424
3.724517
2.978019
3.546701
3.820189
2.501000
3.303219
4.052602
4.243895
4.553355
4.201040
2.876000
3.289758
2.992894
3.029118
4.179276
2.452090
3.682097
3.514926
3.087395
4.363813
3.798138
3.390196
1.988249
2.565448
3.462151
4.234923
4.334005
4.044187
3.427418
1.955028
3.149221
2.409120
3.874318
2.443909
3.581252
3.619051
3.215894
3.544110
4.033083
2.979409
3.329951
3.452706
3.403271
3.256551
3.863096
3.531250
4.346707
3.969509
1.494658
3.806824
2.750387
3.309229
3.210309
4.128765
3.535009
2.955134
3.925360
3.201632
2.923831
3.727209
4.025993
3.943134
3.982457
2.492628
3.708851
3.043295
3.432082
2.869161
4.294442
4.687251
3.232966
4.025147
3.050607
3.601655
4.086758
3.986408
3.351803
3.199522
4.136342
4.240561
4.306432
3.110383
2.353359
3.765914
3.134520
4.041405
3.851816
1.571369
4.141478
4.217858
2.640031
4.058989
4.796867
3.987958
3.018723
4.372099
3.603441
3.269293
3.598765
3.016870
3.464437
2.974650
4.454507
2.556846
2.461661
1.639065
2.451282
3.458042
2.224016
3.950772
4.793845
4.084251
4.544982
4.034363
3.892474
3.861607
3.819282
1.682485
4.091669
3.228167
4.786383
3.853715
3.759384
3.184340
3.788087
2.756997
3.526436
2.194035
3.516779
2.673335
3.581902
4.654349
3.440341
3.304382
3.930220
2.062852
3.453592
3.850287
4.190870
2.748719
3.467686
3.883504
3.416831
4.533965
2.751470
2.095023
4.137732
3.210631
3.105328
4.619318
3.372717
3.422183
3.375548
2.928061
2.049729
3.115834
4.187566
2.423655
3.788477
3.559848
3.131115
4.407471
3.700341
2.950443
1.954284
2.473562
3.741110
3.943367
3.682992
4.005967
3.015915
3.193483
3.285019
4.030612
3.668587
3.567166
4.054844
4.371933
2.306290
4.044727
2.509856
4.018505
2.812771
2.792346
3.537391
2.625761
2.901632
3.740344
3.335436
4.010705
3.368593
3.243963
4.115242
3.775941
3.387782
3.886765
3.533781
3.586610
3.329985
4.282660
4.004745
3.455434
3.731399
3.813492
3.666267
3.517507
3.284026
3.573215
2.877572
2.342425
3.246129
3.606234
3.383085
3.389460
4.052923
3.720803
3.505059
3.745042
2.613368
3.829332
3.260724
2.893404
3.905261
3.320664
3.768600
3.093085
3.280384
3.422523
3.962853
2.632269
4.164475
1.996531
1.740892
3.578777
3.148465
2.723515
3.450003
2.619538
3.743450
3.151131
3.814108
3.665662
3.797805
4.283005
2.793101
4.447363
3.716750
3.456137
4.103905
4.501865
3.655669
3.566012
3.138700
2.839899
2.692391
2.640017
2.515062
3.890464
4.167453
4.067098
3.079196
2.616754
3.889126
3.445156
3.413969
3.468312
4.362958
3.326518
4.555382
2.914037
2.689968
2.979573
3.327027
4.001616
2.844910
2.560777
4.441885
2.689383
3.996961
4.494879
2.276847
3.792744
4.231284
4.730305
3.594271
3.754659
3.944274
4.444707
1.872222
3.208697
3.609872
2.471381
3.515325
4.070216
4.141784
3.886120
3.764675
4.222129
4.460888
3.882427
4.041965
3.726304
4.045530
2.486145
3.671736
4.367050
3.190629
3.593705
4.066401
4.004930
4.217458
4.249958
3.441681
3.647206
3.429311
3.064926
2.861227
4.571916
2.838809
4.115619
4.437018
3.933271
3.527019
3.805734
3.486739
2.913233
3.060021
3.055921
2.153615
3.890691
3.546665
3.705546
1.761468
4.047380
3.602738
4.006037
2.091758
3.897246
3.819308
3.515638
3.763946
2.376159
4.182503
2.994576
4.416914
2.968652
3.875973
3.078671
4.665367
3.453792
4.235864
3.219786
4.231094
2.112894
2.132330
4.343553
2.891511
4.817249
4.152992
2.834167
3.747226
3.500533
3.440731
3.121417
3.094804
3.764947
2.345275
2.982603
3.935404
4.220664
3.086176
4.820078
3.736762
3.507766
4.200487
3.837929
3.104615
2.935624
3.113797
3.315173
3.426860
3.524456
3.882397
4.175467
3.804453
3.854609
3.984039
2.693028
3.116392
4.678699
3.556585
3.262068
4.000355
3.071347
3.479259
3.876426
4.223573
3.534926
3.415303
3.803463
3.482908
2.381361
4.063721
3.079070
4.252842
2.912968
3.601304
3.795662
3.163555
2.257547
3.233871
4.089011
2.344935
4.437429
4.460196
3.605028
3.409023
3.266613
4.156410
3.554046
2.913860
3.146089
4.157974
4.096245
1.571369
3.850319
3.019229
3.185769
2.284538
2.471478
1.908332
3.620592
3.135502
3.748404
3.400298
2.682625
3.518790
3.970009
2.692917
4.103685
3.957771
3.949604
3.057632
3.580322
1.891641
3.910516
4.190337
4.440051
4.112713
3.930529
1.822307
3.340582
3.925055
4.365179
3.652225
3.004740
4.090777
3.738267
4.018154
2.252678
2.385553
3.349843
3.114264
2.930129
3.678905
3.772382
3.528208
2.466697
3.664622
4.123640
2.932922
4.131464
3.386259
2.166227
3.990819
2.602427
3.627337
2.995395
3.565857
3.238393
3.447910
4.222022
3.152594
3.187275
4.241495
3.214116
3.376858
3.775671
3.530890
3.318085
4.480146
3.986382
3.221055
4.317923
2.713900
2.966582
3.565300
3.916366
2.241105
4.074729
3.635015
3.499865
1.855771
3.165348
4.057703
2.589216
3.684927
3.938413
3.535392
3.444539
3.679126
1.777135
2.724370
2.532147
3.306327
4.097174
3.471266
3.004718
4.321079
4.218422
3.879506
2.214666
2.987482
2.697519
3.598654
3.120535
3.420329
3.075279
2.824772
2.501025
4.008267
3.054931
3.814749
3.997949
3.351610
3.607496
2.879049
4.479004
4.162719
3.909051
3.813510
3.978618
3.223906
3.688740
3.682397
4.088765
4.174343
3.955432
3.579598
3.439327
3.418673
3.209739
4.359086
3.295157
3.288345
4.578226
4.070966
3.801722
3.864711
2.847729
3.619874
3.592614
4.029523
4.007076
3.792691
3.478790
4.059865
1.920404
2.864001
1.966102
2.988026
3.800760
1.571369
3.607829
2.555075
2.850581
4.265621
4.478017
2.319624
3.449821
4.476521
4.212609
3.227217
4.147205
3.545646
3.398577
2.885129
4.488082
3.721488
1.977068
3.312584
3.552799
2.937503
4.320301
3.151730
3.712141
3.712296
3.574556
4.245849
3.200218
4.513011
3.621362
2.558683
3.187642
3.332088
4.280078
3.879561
4.124752
4.530840
3.882082
2.935282
3.364367
3.538537
3.801477
3.371934
3.053289
3.099921
3.525856
3.493924
4.047052
3.073357
3.038538
3.609027
3.186589
3.205140
3.572616
3.725591
3.188745
3.673326
2.954250
3.757314
3.569333
3.006364
2.578781
2.960136
3.536003
3.145238
3.469116
2.452692
3.349049
3.014847
3.366390
3.427628
3.556117
4.065642
4.019665
3.701733
4.363400
3.681111
4.725228
4.251706
3.677279
4.572155
4.267465
4.280876
3.445166
4.390970
5.022091
3.433846
3.860129
2.744114
2.859929
3.680663
3.676302
2.691648
3.971096
3.739117
4.169276
4.568194
3.317540
2.557363
4.071927
2.857213
3.427182
1.922610
3.772449
2.260983
4.140620
2.608137
2.822009
2.954640
3.976890
3.535170
3.091761
3.234089
4.751966
2.066285
1.730895
4.593384
2.793291
3.107743
2.499638
4.385176
4.106491
2.794092
3.169417
3.896194
2.546141
3.803644
4.126196
2.861115
3.016278
4.096679
3.349681
3.122175
3.736985
4.593977
4.719687
3.711392
3.314796
4.007759
3.821703
4.041894
4.417352
2.260576
3.551225
4.003694
3.499064
4.047945
4.561706
3.162337
3.771286
2.977498
2.109589
3.578005
2.485780
3.465396
4.094537
3.314281
3.271434
3.197790
4.376458
3.782112
1.571369
3.392724
2.434373
4.046808
3.712150
4.019801
4.355410
4.161129
4.197198
3.108610
1.571369
4.245227
1.571369
2.883228
3.239285
3.544350
3.034464
3.943387
4.136009
3.068722
4.629366
3.326057
3.238217
4.174004
3.232634
3.892306
3.930384
3.194348
3.319276
3.802805
3.912398
3.181472
4.562498
4.056602
4.493626
4.133193
4.190608
3.498922
3.056427
4.452462
3.596635
3.348491
3.594803
3.640608
2.513026
3.436678
3.462359
3.539242
4.911801
3.589248
2.824391
4.026273
3.801245
3.221217
3.350874
4.239542
3.583205
3.235436
3.797465
4.175419
3.566733
3.971200
3.880481
4.128397
4.272193
1.954384
3.813859
2.944915
3.053139
2.435457
4.465928
3.668175
3.259953
3.523429
3.461895
4.174902
3.536468
3.951433
2.098052
3.548775
4.092421
2.387019
3.037511
2.830529
2.224084
3.436813
3.554868
2.783500
3.971441
3.758997
3.491491
3.889358
3.852227
3.861189
3.353777
3.958610
2.445480
3.456637
2.556401
2.911444
3.559306
1.876789
3.839515
2.479521
3.696276
3.815010
3.887944
4.132708
1.583959
2.375403
3.363196
4.059945
3.779828
3.903289
3.204589
4.131867
4.536434
2.619979
3.276681
3.113618
3.562471
3.846040
2.971615
1.925695
3.197396
3.081052
3.739403
3.161767
2.517656
1.571369
3.411084
4.331819
3.733063
2.530008
3.803406
2.942831
2.353376
2.840384
3.339425
2.698207
3.306705
2.027823
2.928703
3.879178
3.869652
3.961245
3.637732
1.492737
3.096415
4.431467
3.932529
4.259587
3.617134
3.805786
3.483639
4.508772
3.714667
3.804765
3.243699
2.637294
3.464182
3.979992
4.276232
3.549344
4.227489
2.692024
2.766297
3.545272
3.895119
4.183205
3.555221
3.672102
3.541958
3.988360
3.250616
2.765033
3.356692
3.593045
4.185811
3.841043
3.423752
2.406828
2.977279
3.724340
4.267193
3.726011
2.654364
4.950319
2.525926
3.110277
2.901660
3.541811
2.225957
4.432514
3.200361
4.622151
3.780495
2.035355
4.284811
3.693277
4.203017
3.541120
3.791619
3.619826
4.169973
4.381811
2.073029
3.772988
3.470439
4.199650
3.852959
3.708806
2.735288
4.266108
4.204845
4.134650
4.116113
3.075691
3.815329
3.513392
4.084444
1.679288
3.550819
3.765006
4.212936
3.772904
3.665510
3.403860
3.721684
3.571134
2.326229
3.922112
3.384220
3.925035
4.099496
4.299098
3.593363
3.860588
3.774431
3.941380
3.553557
3.793514
4.154528
3.665559
4.337447
3.908180
3.840867
4.304191
3.995931
3.450515
2.933204
2.934165
3.309880
4.066185
3.135903
4.223678
1.909987
3.544508
4.278592
2.960762
3.712808
3.645037
4.384091
3.419484
3.453554
4.093403
3.944722
3.099808
3.986886
4.019574
3.999040
2.827764
4.104470
3.850735
3.498908
4.200305
3.646762
3.199011
4.015985
3.531429
3.771651
2.196365
2.561037
3.338957
3.065663
3.644840
3.555953
4.685027
3.535710
4.007431
4.319500
3.036819
2.578450
3.956684
3.922042
4.350796
3.267003
2.434407
2.957053
3.102960
3.262496
3.313238
3.674609
3.280723
4.278036
3.025150
4.473178
4.489175
3.186505
3.964043
4.359451
3.726949
3.914173
3.862141
3.360313
3.172868
2.756677
4.229687
2.351315
3.203696
3.386871
3.024633
2.423944
4.095879
4.130740
3.741096
3.644964
3.088184
4.520176
3.290569
3.062944
3.651638
3.126540
1.663888
4.045951
3.737498
3.745430
3.557030
4.064652
3.538858
3.964082
2.850083
3.578815
4.279500
4.091176
3.743605
3.393461
4.144402
3.858992
3.777230
3.574477
2.955113
3.858346
4.636716
3.965284
4.186671
3.303417
3.587760
3.285457
3.308480
2.940285
3.665378
3.602296
4.369232
3.594785
2.624086
4.539628
3.306769
3.682164
4.431141
3.660154
2.402968
2.364795
3.514263
3.952194
3.702747
3.714489
4.882807
1.894947
3.370059
4.204785
1.436070
3.592055
3.418453
2.644817
3.124923
4.004120
3.450433
3.708063
1.473235
4.041361
3.826501
3.607900
3.879404
4.132762
3.916646
3.533573
2.279039
3.471921
3.593087
3.834557
3.007536
2.176632
4.201528
2.862760
3.991031
2.615510
4.583059
4.080618
1.877808
3.824761
4.377303
3.837158
3.515896
4.549482
2.640262
4.644810
4.143786
3.896360
4.088142
4.370237
4.337022
3.925118
3.378739
3.739902
4.036588
3.408251
3.394408
1.936036
3.710120
3.958580
2.412740
1.908361
3.209462
4.043970
3.392265
2.510531
3.167137
4.120138
3.649209
2.819883
3.445530
2.680479
3.724805
4.195245
1.968869
3.106870
4.082087
3.244377
4.083835
3.844589
3.681528
3.160826
3.914415
3.619329
3.607707
4.115847
2.465293
2.994025
3.303240
3.577545
3.428776
3.654257
4.670790
3.159927
3.706521
4.605848
3.051199
3.809153
3.307558
4.599263
3.928905
3.317783
4.493885
3.631083
3.915277
2.919055
4.209438
3.277516
4.544148
3.972068
3.795237
3.969807
2.554915
3.831693
1.850404
4.060203
4.287841
4.196123
4.407654
3.691325
3.154879
3.061732
4.071373
4.820223
4.475966
4.186388
3.035366
3.490170
3.397264
4.215208
3.313680
4.168910
2.728028
4.258515
2.895835
3.914523
2.217978
4.414286
3.225955
4.508209
2.751555
3.133176
1.821210
3.361182
3.761250
4.012384
3.575114
3.387578
4.195764
3.438723
2.855619
3.780681
3.936814
3.313193
3.750537
2.026504
3.576607
3.329503
4.944860
3.820156
4.403411
3.696297
3.043001
4.761645
1.841357
2.679341
4.422533
3.980699
3.302118
3.987772
3.734161
2.866010
3.178604
3.050712
3.868693
4.398437
3.434998
3.896084
3.582568
3.180699
4.089043
3.192580
4.681607
2.609317
2.912688
3.329441
3.515791
3.747387
2.942298
3.990927
3.879876
2.748546
2.655463
3.918505
3.460383
3.432658
3.369129
4.500652
2.854165
3.133122
4.198037
3.065406
2.485911
3.652248
3.419275
3.633381
3.351311
2.840591
3.830362
3.633435
3.166654
3.988405
3.567984
3.280585
3.668606
3.392456
3.124838
4.139241
2.913907
3.997670
3.040569
3.247280
4.396017
3.830913
2.644219
3.528044
2.721428
3.236878
3.725650
4.187564
2.372756
3.962547
3.958833
4.424477
2.665836
2.724828
2.533096
4.384586
3.769028
3.106747
3.633704
2.675932
4.245009
2.670211
3.275056
3.713033
2.241778
4.350418
3.173077
3.424391
3.776911
4.220331
3.692544
4.159987
1.446394
2.680537
3.553751
4.460760
2.583579
3.685805
3.500428
3.091812
2.008985
3.776516
4.793816
4.105617
1.947504
3.754554
3.642547
2.299864
3.967953
2.568835
3.318165
4.421822
3.641705
4.046090
3.926168
3.987293
3.447099
3.810462
3.312477
3.789941
4.253810
3.176016
3.851465
2.832413
4.430940
3.359922
1.713206
3.862717
3.593032
3.805820
4.829436
3.628021
3.307873
3.056069
3.849970
3.173986
3.512960
2.789099
4.188881
4.674308
3.112119
3.715735
3.904250
3.796982
3.757565
2.709713
4.061926
2.522117
3.846619
3.731727
2.794646
3.249542
3.052965
3.666536
2.863192
4.404181
4.358450
3.190994
3.093829
3.802394
3.734320
3.443258
3.349730
3.291689
2.113069
3.316332
2.217527
2.159191
3.523678
3.245848
4.495354
3.725570
4.605871
3.280865
3.406243
4.116965
2.428609
3.588526
3.783842
2.058178
4.366193
3.810410
4.381314
3.888844
2.766200
4.128253
3.483634
2.562044
4.447261
4.085426
4.509198
3.712599
2.458929
3.181939
4.121984
3.975255
3.644477
2.646239
2.800061
3.204698
3.928968
3.712990
4.584777
4.760115
3.954235
2.854507
1.886274
3.131927
4.023424
3.887821
3.407185
4.040731
3.291129
3.534978
2.703953
4.472770
2.491282
4.243521
2.488354
3.017694
3.981002
3.332930
3.979967
4.135929
3.661573
2.319955
3.978981
3.080836
4.181201
3.887885
2.425816
3.368209
4.418962
3.440489
3.486140
3.541712
3.394529
3.796619
2.691081
2.251719
2.992386
4.312034
4.184595
2.717759
3.755159
3.220482
3.881294
3.770271
2.434770
3.533740
3.855223
3.099165
3.087390
2.314385
4.567123
4.032125
3.714134
3.800536
4.109892
3.859503
3.673225
2.580676
4.517960
4.147664
2.257916
3.955813
2.790195
3.108570
3.829561
4.180814
4.721138
4.119867
4.158474
3.353410
3.842963
3.598412
2.958811
3.820707
3.059500
3.526495
4.460104
3.777297
3.438686
3.516207
4.095172
2.766676
3.948264
3.909343
1.674662
4.164683
4.029771
3.838476
2.513424
2.598497
3.833728
3.958060
3.080298
3.849038
2.778582
3.133673
2.039633
3.674383
2.573395
3.549583
3.155727
4.670564
3.653412
3.850704
2.726459
4.064849
2.951049
3.902755
2.159997
3.520351
3.451202
2.321881
3.025539
3.798848
3.706512
3.832545
3.912588
4.077866
3.280354
3.373134
4.210250
4.056887
4.232401
3.067385
3.075140
3.523720
3.724675
2.496338
3.374415
4.060558
2.657748
2.698540
4.395090
2.047692
3.481143
4.435132
4.055463
2.927413
2.453371
4.097840
3.414536
3.659297
3.433205
3.672101
2.180975
4.262536
4.285530
3.486825
3.744408
3.535122
2.397767
3.582306
3.501535
2.273545
4.119785
2.443717
3.754779
3.274168
2.982072
3.948807
2.774774
3.782925
2.682450
2.177177
2.689734
3.558432
3.437414
3.720160
3.112063
3.567983
3.433232
2.568863
3.249691
3.459117
4.897249
3.875926
3.480994
3.898515
3.392654
2.905010
3.118588
2.900131
4.041101
4.025814
3.720060
2.683374
1.510535
3.309527
3.920805
3.476453
4.052243
2.135416
2.915932
2.897128
3.549475
3.775027
4.307995
1.944634
3.705858
3.990486
3.173368
2.711242
3.382290
2.834692
3.004374
3.372525
3.223521
2.703089
3.604382
2.591278
2.733540
4.004704
3.922973
3.175905
3.928227
4.230242
2.782248
4.116237
3.234358
3.831807
2.526010
2.615572
3.278888
3.064107
3.462078
4.126454
4.317563
2.674970
3.430786
3.941377
4.016243
3.347128
3.314781
3.762201
1.999980
3.504372
4.357434
3.238431
4.248596
3.485134
3.617288
2.748147
4.548654
3.675198
4.116267
3.513360
4.780163
3.562843
2.953278
3.745522
3.011670
4.026245
3.434880
3.775365
3.608863
3.853772
3.789804
1.798897
2.671961
3.290480
3.739981
3.870351
2.439729
4.442919
3.469644
3.474405
3.592823
3.654113
1.472341
2.509047
2.877744
3.399319
3.717326
3.413478
3.469455
3.526586
2.970787
3.499386
4.042233
3.704420
4.269381
4.017846
2.818935
4.102169
2.249156
2.419017
4.377953
3.739326
2.915812
4.475148
3.459708
3.491351
3.463419
3.601786
3.470915
4.013472
2.657949
4.431257
3.560915
2.926535
3.582811
3.335506
4.093102
3.914122
4.342590
3.907141
3.988395
3.045660
2.946557
4.398146
3.572819
3.674270
4.095973
2.575526
3.596411
3.686121
3.906277
2.650786
2.253826
3.305553
4.876609
4.224143
3.197637
3.725998
3.275592
3.524084
1.543563
3.815173
2.618343
3.915902
3.364442
2.777160
4.036851
3.738645
3.813377
3.856177
3.895101
3.845134
3.683506
4.288779
2.715214
2.537056
3.850147
4.577883
3.989413
4.902197
3.064950
3.063942
3.138124
4.488132
2.146289
2.658476
3.117234
3.895348
3.724822
3.387956
4.223845
3.123536
3.990112
2.951961
3.001424
2.817056
4.229582
4.024204
3.765579
2.835918
2.930962
3.915386
4.186618
3.508432
3.312666
3.203485
4.412802
3.874657
3.102207
4.265447
3.517902
2.997601
3.270975
3.897547
3.107282
3.458841
3.257391
3.925112
3.060447
4.250250
3.965224
3.858012
3.675681
3.827119
4.188163
3.667108
2.577593
4.013232
2.722655
4.094611
3.564742
3.847312
2.854495
3.461365
2.831114
3.311872
3.663177
3.119600
3.479263
3.766925
3.896738
4.766791
3.950087
3.331330
3.337615
2.660116
2.719808
3.875700
3.310593
3.397926
3.671700
2.488443
4.297912
2.892621
3.925982
3.527280
3.535178
4.174261
3.547661
3.561045
3.682826
3.386193
3.007599
3.880150
2.687147
3.356389
3.822797
3.580660
2.854396
2.414806
2.292168
3.582750
4.004238
3.421342
3.413261
2.903617
3.791404
4.482983
2.580660
3.253171
3.772205
4.519276
3.484616
3.789492
4.469360
3.820730
3.636996
3.801681
3.699022
1.571369
3.647801
3.942588
4.343976
3.691433
3.239749
2.738444
3.335492
3.938095
3.638597
4.695652
4.580706
4.014589
3.135396
2.391524
3.778427
4.170579
2.773638
3.859235
3.610086
2.795376
1.608984
3.196308
3.156513
2.934210
3.558664
1.495972
3.793288
2.344642
4.078974
1.571369
1.571369
4.714565
4.166932
3.558905
1.571369
2.722756
4.256623
1.517841
3.198222
3.292692
3.104895
4.407803
4.589927
2.916365
3.981742
4.292706
3.774468
3.296053
1.871560
4.528992
2.245934
3.730938
4.190195
4.040772
4.045544
3.904346
4.121593
4.137519
3.921810
3.737122
3.487934
4.359007
3.096220
3.859119
3.754774
3.242484
2.703158
4.008567
3.566922
3.371207
3.625730
3.393599
3.813781
3.868257
2.283781
3.955758
4.610574
3.712192
3.148292
4.159606
4.102536
2.659915
3.339397
3.428903
3.148419
3.600292
3.704411
3.697527
4.017823
3.012376
3.514959
3.643061
3.791304
2.839745
4.211469
4.389850
3.532664
4.247793
2.071052
3.162995
1.993542
3.386507
3.641562
4.326818
3.991918
2.688668
4.501667
3.614057
4.091973
2.826419
3.025472
4.067188
2.255140
3.380248
3.505782
3.773653
3.713974
3.854006
2.787845
3.485708
3.815156
3.459153
2.705645
3.645266
3.389709
4.512080
2.399505
3.018740
3.655680
3.930873
2.872372
3.511016
2.962856
2.913267
4.280349
3.043436
4.673464
3.621712
4.096493
3.897491
2.710038
3.934325
3.789259
3.711512
3.405760
3.119110
2.096968
3.598062
2.037576
3.677478
3.999367
3.258055
2.714484
3.029845
2.225748
3.461662
4.147217
4.183977
3.777698
3.906168
3.337721
1.571369
3.449241
3.180889
3.199526
2.588559
3.666147
3.190526
3.139608
3.920645
3.986521
3.643968
3.647835
4.219600
3.177650
3.477629
2.456156
4.252778
3.297941
3.645508
2.696609
3.959276
3.216859
3.777824
3.050653
3.506875
3.841327
3.926866
3.426696
3.807225
2.463055
2.795400
2.751648
2.955284
3.089481
1.497138
4.524386
3.990720
2.734274
3.436495
4.053291
3.323701
3.860583
2.145543
2.612718
3.727727
4.304817
3.302659
3.700247
3.790212
3.540410
3.857706
2.833104
4.492881
4.145240
4.004824
4.890395
2.306565
2.870896
4.007957
3.642168
3.555191
3.178778
3.531723
4.509397
3.299466
4.140121
2.352083
4.876338
3.445688
2.550994
3.634124
3.405059
3.529367
3.859810
3.710713
3.117670
4.006868
1.485593
3.243364
3.867002
3.630356
4.040580
3.941089
3.878955
3.207619
4.216089
3.088248
4.144475
2.514125
4.100073
3.797318
2.852556
2.882263
3.153549
3.723362
2.949288
3.611980
3.793555
2.210241
3.794401
2.723530
2.943936
4.679734
3.220134
3.293435
3.175791
2.475653
3.571259
2.476523
3.883616
4.364059
3.469965
2.838431
3.060585
2.782263
1.872296
3.018364
4.091005
3.939985
4.394558
2.460038
3.794347
4.091985
2.419835
3.783792
2.869714
3.879463
3.457447
2.330775
3.569165
2.863493
4.113120
4.042573
4.003592
2.991965
2.134366
3.214379
3.092549
3.377445
4.355658
1.729559
4.612698
2.775378
3.254797
3.362466
4.051064
3.343226
4.047053
3.559012
2.696929
2.399369
3.558158
3.975743
3.307652
4.169516
3.893903
4.139809
3.802888
3.370130
3.126189
3.644024
3.786526
2.138206
4.229962
2.813524
3.954849
4.350409
3.040971
3.726826
4.407294
3.310514
3.018486
4.145016
3.941370
4.482720
3.550051
2.700648
4.378798
3.318866
4.405496
4.671693
3.099287
4.019388
3.476695
2.207194
3.542149
3.697631
3.228423
2.421622
3.449229
3.524050
3.944583
1.499316
3.821929
2.787351
3.544487
4.296519
3.337512
4.134109
3.551823
2.078982
4.088100
3.883756
2.968832
3.353532
2.544583
3.761166
4.288486
3.228975
3.307603
3.803942
3.350737
3.727082
3.583139
3.369302
3.138573
3.515311
4.154736
3.937576
3.281276
3.669672
3.370562
2.804123
3.780290
3.232143
3.363594
4.139966
2.089027
4.409373
4.240307
3.649499
3.394960
3.681514
3.545900
2.505429
3.276485
4.467173
3.232393
2.762401
3.320517
2.988318
4.124156
3.741086
3.714499
2.178639
3.739105
4.339802
3.337140
4.945348
4.207159
4.951905
3.884466
3.967168
3.305314
4.506347
2.365935
3.260240
3.725064
4.107378
3.103585
3.288607
1.936945
4.159472
4.336562
4.362881
1.749576
3.587481
3.485093
1.571369
4.187920
4.381672
4.001399
3.612384
1.786347
4.083673
4.309025
3.269677
3.578028
1.474691
3.777566
3.771108
3.043604
3.465105
3.709993
4.025702
4.010084
3.727133
4.928299
3.401677
1.595809
2.302562
3.617759
2.407135
4.356770
4.730899
2.355331
3.811524
4.121964
3.141560
3.643881
3.492401
4.627299
4.044865
3.141691
3.720562
3.223164
3.327157
3.020064
3.343596
4.469766
3.236299
2.846378
3.822612
3.425096
3.559978
3.267122
3.218157
3.979063
1.571369
1.571369
3.766878
2.867609
3.615405
3.453040
3.569065
3.143746
3.593301
2.612028
3.068693
3.876587
3.282988
4.384001
4.174444
2.836938
3.759319
3.590207
3.130687
4.839262
3.626909
2.356278
3.025028
2.238574
4.411586
3.927833
3.438057
3.517637
2.888226
3.620640
3.204118
4.549767
4.164715
3.430623
3.687010
3.347749
3.390065
4.097099
3.787292
3.816216
3.896612
3.976389
2.804936
3.140577
4.274541
2.885989
3.282819
3.784425
3.865774
2.734213
3.647545
3.536745
3.907412
3.364116
3.328409
3.972341
1.571369
3.622675
3.513454
3.638741
3.669319
4.870842
3.798123
4.315380
3.243927
3.860066
3.554177
3.127900
3.470488
3.856502
3.639084
3.638970
3.587193
4.218808
3.754101
3.632535
4.167028
3.058876
3.844931
3.441812
2.671745
4.099834
3.991576
3.370506
4.188109
4.270609
4.079786
2.021087
4.189609
3.657762
3.180411
4.390365
3.571644
3.017192
3.342679
3.219182
2.572832
1.683335
4.242378
3.259983
3.851818
3.612272
3.292758
3.417675
2.117654
3.967906
4.349611
3.993881
2.601918
2.988003
3.478558
4.130649
3.360919
3.719669
4.171135
3.737668
3.890357
2.836420
2.727765
2.653545
3.558267
2.727382
3.778954
3.137948
3.203677
2.986311
2.929359
3.392842
4.284495
3.241719
2.328609
3.837911
3.173898
3.750196
1.571369
4.579218
2.906266
4.070003
3.212568
3.365652
2.758665
3.870735
3.350369
3.687931
3.444851
3.707151
4.574749
3.580851
2.823553
4.063541
3.669160
3.600968
3.673180
3.390483
4.291095
2.684360
2.835524
3.446561
3.516257
3.855904
3.059358
3.607826
2.458584
2.647309
3.772427
3.278671
3.852233
3.345354
2.927639
4.101098
3.561737
3.129130
2.506713
2.711622
3.763088
3.218125
4.857412
3.535950
3.937518
3.075339
2.972744
3.293703
2.458286
3.740876
2.460751
2.187484
2.370129
3.322584
3.019171
2.487213
2.209316
2.621158
3.461428
3.677060
3.195898
2.219350
3.554499
5.022702
2.700817
4.136752
2.090317
2.629001
3.906608
4.068504
3.793783
2.766660
3.039016
4.017375
3.753276
3.715600
3.864478
4.184419
3.610835
2.246402
3.305910
4.460482
3.732156
3.278785
3.957658
4.668561
4.711572
4.682530
3.222742
3.589305
4.165372
3.115878
3.082001
4.115503
3.583682
3.860105
2.329511
3.895328
3.112498
3.860214
3.328565
4.007678
2.498706
4.543610
4.226388
3.444994
2.870740
1.495769
3.708250
2.595168
3.892162
3.989386
2.364630
4.293638
3.820542
3.082134
2.508363
4.442636
3.981184
2.626289
2.730113
4.429966
3.457918
3.120022
2.567399
3.149451
2.241626
4.185037
3.437257
3.479354
2.944050
3.467511
4.335975
4.377673
2.668147
3.733368
2.912944
3.961414
4.111616
2.635011
4.301125
2.495743
2.597965
4.353643
3.269481
3.845147
4.429663
3.558296
3.748246
4.166338
3.288779
4.825744
2.629984
3.482954
4.102722
3.422130
3.966880
3.999882
3.631115
3.955204
3.991168
3.662973
3.214231
4.095179
4.061336
4.017645
3.767327
3.503551
2.789971
2.726064
3.695489
3.348566
3.775098
3.584958
4.065379
3.480106
3.205866
1.779212
3.861189
3.483322
4.222240
3.207953
4.691589
3.964069
4.196949
4.040731
2.485163
2.563206
3.157046
3.232273
1.571369
3.921540
2.173154
4.491846
2.681027
3.532647
2.197232
3.864823
4.153094
2.679268
3.742154
3.669841
3.920961
3.709872
4.182351
3.492424
3.624987
3.713543
3.378793
2.980088
2.845429
2.594714
3.205324
3.760714
3.353902
4.360677
3.924891
3.564606
3.895849
3.727078
2.321949
3.041711
4.019568
3.771544
3.402291
3.244540
2.655490
4.390354
3.957370
2.158750
4.390673
3.499096
4.317127
3.938512
3.730938
2.531562
4.207016
3.919209
4.232853
3.737490
3.955992
4.161729
3.857729
1.480665
3.694588
3.929816
4.102215
3.029645
4.134243
3.703899
4.046031
2.834883
3.464941
3.527196
4.309861
4.124626
1.990898
4.244397
3.202050
4.316351
3.304201
3.995732
4.186096
3.358291
3.573428
4.248280
3.579925
3.043081
4.243979
3.711282
2.558194
3.479219
4.190797
3.692640
3.486374
3.722631
4.182950
4.173753
3.171922
3.971414
4.416990
3.213247
3.695631
2.209820
2.104486
3.860683
4.364349
3.323069
3.000932
3.227220
3.756370
3.508188
2.787946
2.824296
4.231054
3.467774
1.773334
3.390560
3.677706
3.849898
3.071536
4.588608
3.128727
3.469041
2.577182
3.733682
3.417078
1.571369
3.765226
2.665519
4.353562
2.645002
2.469616
3.747973
4.190799
3.919291
3.513397
2.989868
4.060114
3.183538
3.510804
3.159197
2.886680
3.900822
2.923365
3.790820
2.311092
4.693083
3.682671
2.278962
3.448606
3.800262
3.715775
3.389933
4.007537
4.260345
3.680472
3.170383
3.491816
3.334190
4.263906
3.856108
3.224978
4.308834
4.569477
3.763924
1.999480
4.229896
4.207148
3.070911
3.060635
4.034252
4.017730
3.320711
4.306415
4.231166
3.107961
3.567733
2.364729
3.353369
2.442689
4.339877
3.678616
3.565436
3.607518
3.440084
2.246378
4.121846
3.759349
4.246071
4.001762
4.167263
3.790133
3.773727
4.147551
3.673446
1.571369
3.591003
2.789085
4.569499
3.632081
4.001167
2.924374
3.622291
3.062422
4.502347
2.334436
4.158759
2.537456
3.157781
3.801954
2.728335
3.022502
3.571701
3.678617
3.487257
4.104316
2.640335
2.795583
3.328189
3.576134
3.567060
3.018145
3.730341
2.732665
2.867385
2.531618
3.233075
3.970153
2.838648
3.274100
2.418891
3.982291
3.287648
2.831954
2.881987
3.589006
3.769918
4.088060
3.973094
3.778364
1.562769
4.477076
3.754156
3.971227
3.067638
2.396347
3.583562
3.994984
2.726550
3.003132
3.774816
2.795578
4.513791
3.017149
3.605782
2.606737
3.577308
3.533072
3.460736
4.165478
3.645615
4.034190
3.435597
3.945162
4.208678
4.748260
4.089900
3.741067
3.270615
3.803891
4.313961
2.215491
4.027219
3.938835
2.725427
3.792089
4.139195
3.457419
3.648220
3.785927
2.970419
3.282492
3.347489
1.571369
3.267100
3.430445
2.274460
4.163876
3.942378
3.741128
3.743721
3.414798
2.799882
3.041420
4.271904
3.239491
3.636866
2.746393
3.436340
2.447009
3.904591
3.832013
4.585792
2.837584
2.932153
3.493204
4.389550
3.619893
3.825835
4.031894
3.856920
3.942017
4.279841
2.553562
3.552737
4.641501
3.427536
3.644730
2.481294
3.400391
4.178741
2.314073
4.253872
3.223118
3.987235
3.696547
3.264064
4.480506
4.656844
4.649061
3.468894
3.143861
4.206950
4.183613
3.178675
4.255258
3.791432
3.417091
3.001350
2.095119
3.530302
3.650556
3.797300
3.133650
3.664456
2.615402
3.892514
3.988426
3.646332
4.831487
4.311896
3.138033
3.451111
3.153832
3.804038
3.342550
3.776074
3.368423
2.042390
4.472772
2.377733
3.434494
3.143101
3.642624
4.017035
3.984210
3.820289
3.644193
4.072309
3.801656
3.523772
3.216032
4.019228
3.747588
3.002900
3.696460
3.755314
3.249212
2.926994
3.012283
3.872825
3.998123
3.742690
3.339882
3.250886
3.070158
3.638324
2.548411
2.875160
4.056895
4.144354
4.158992
2.829637
3.496332
4.051719
4.700270
3.823886
2.814684
2.741417
2.383924
4.132675
3.913984
3.743612
4.384493
4.571663
4.636058
3.469162
3.862426
3.901328
4.223464
3.842257
2.649631
4.138973
2.339770
4.097311
2.617244
2.473427
3.147002
3.557606
4.106896
3.859042
2.953973
3.355773
3.466775
3.783180
4.292876
4.110797
4.092287
2.712576
3.927641
2.810104
3.917127
4.373040
4.234138
3.592312
3.152411
2.389314
3.565228
1.715247
3.923377
4.591430
2.482845
3.762899
2.059048
3.755515
3.492485
3.788653
4.437635
4.251837
3.572104
2.936032
2.345928
3.690744
2.911169
3.314705
3.888991
3.572627
2.719971
3.586205
3.710443
2.820934
2.867093
3.348555
2.586653
4.014737
3.427035
3.326150
4.291825
3.110552
3.981055
2.961056
3.144458
3.230910
3.983586
4.142287
4.260825
2.848575
3.905487
4.001040
4.182107
4.350399
2.688125
3.754792
4.145630
2.329813
3.205437
3.438862
4.094804
3.769679
2.155895
1.571369
3.646051
4.108830
3.209871
3.158708
2.139300
3.797605
4.116168
4.563759
3.726036
4.276380
3.177909
3.169695
3.456426
2.805655
3.468617
1.571369
4.258199
2.302041
3.054767
2.418439
3.605998
4.374401
3.625706
4.045968
3.117731
3.964860
4.986310
3.429919
3.520739
3.788145
4.075974
3.596466
3.878914
3.563625
3.712116
4.030321
4.019902
3.335515
3.554212
3.403555
3.222919
4.494020
2.994179
3.080707
4.734306
3.871271
3.193290
3.397122
3.466661
1.600532
3.227758
2.496354
3.094265
4.116265
2.665739
4.113098
3.553344
4.382735
3.012264
4.020179
3.092211
2.871707
3.713944
3.414183
2.844186
3.728962
3.693153
3.416574
3.227448
4.006808
3.151832
3.993686
3.546691
2.508547
3.994029
4.012733
1.842361
3.535288
2.718400
3.358373
3.954810
3.328710
4.200981
3.833009
3.004267
3.750941
3.524847
4.444556
3.404715
3.704497
4.084650
4.490627
4.285574
3.847547
4.138326
4.173840
2.960712
4.433175
2.605546
2.391829
2.879698
2.071810
3.300995
3.442079
4.412984
3.511968
3.043128
4.132656
2.202738
3.036136
2.211540
3.596486
2.418236
4.236734
2.337798
3.510695
3.146465
3.534227
2.415448
4.136609
3.636688
4.745723
2.670604
3.825880
4.887274
3.443294
3.153350
4.763150
3.833378
2.633179
3.982047
3.378966
3.319408
3.521628
4.170454
3.402206
3.905088
2.566281
2.843128
3.220606
4.075506
3.788588
3.664616
4.611752
2.289800
3.395399
3.612477
3.546324
3.541858
4.313268
3.962862
3.566719
3.732417
3.518679
4.675402
3.714840
3.092176
4.195920
2.585268
3.658136
3.756587
4.251923
4.210353
2.591745
3.855359
3.758509
3.543230
4.073765
3.040438
3.107591
4.097889
3.496000
3.870779
4.013122
2.656029
2.746479
4.146561
3.620773
4.144828
2.865143
3.733897
4.071197
4.059234
3.886861
3.716507
3.603754
3.701229
3.819872
3.431299
3.429425
1.588990
3.566010
3.307868
4.402917
3.639024
4.068680
2.537575
4.086949
3.187372
4.385686
3.571878
4.065774
3.837360
2.373776
3.034722
2.195166
3.488151
4.717002
2.656265
1.829983
4.302184
3.889538
3.306962
2.751188
2.079597
3.189188
3.898256
3.459720
4.021285
2.706100
3.572327
3.833795
3.144278
3.683030
3.196837
4.607231
3.297103
2.883135
2.557747
3.787446
4.230209
2.728653
4.185606
1.843803
2.948169
4.735772
3.249842
3.559696
3.599586
2.802080
4.802715
3.364572
3.957846
2.830071
2.613660
4.994569
4.116873
2.025587
4.622659
3.622589
3.620956
4.236262
3.583797
4.481187
2.262183
3.888675
3.705573
4.444780
2.204948
4.003101
2.856722
3.657420
3.613589
3.037655
4.008821
4.062510
3.850823
4.031738
3.056267
3.431564
3.197668
3.615641
4.052595
2.648044
4.770235
4.172190
3.502069
3.669849
3.626882
3.533560
4.202707
1.956815
4.135877
4.219630
3.911278
4.188222
3.308480
3.988270
4.111044
2.420060
2.387379
4.389996
2.695903
3.117607
2.742836
3.002178
2.933235
3.297440
3.881313
3.016874
3.780090
3.968382
3.582267
3.547062
3.582446
3.633826
4.429588
3.444206
2.369530
4.199173
4.353428
3.261036
3.517316
3.241665
3.777349
3.097152
3.040908
4.478103
3.112857
3.965192
2.862208
2.603828
2.847717
3.419021
4.163512
4.441052
2.129350
2.151589
4.157431
4.046161
3.872408
4.235693
2.962861
3.640102
2.045258
4.319972
2.150213
3.367748
3.206756
3.971121
4.072856
3.339560
4.498950
4.106477
3.765526
4.334575
3.115429
3.483379
3.389928
3.377784
4.237387
2.607801
3.786124
3.592434
2.338509
4.042785
1.633539
2.751722
3.068070
4.595498
3.784234
4.240390
2.777444
2.980043
3.503884
3.712541
3.715893
3.973206
4.163379
3.665876
3.994435
3.932782
4.113358
4.401606
4.549077
3.504639
4.470037
3.597370
4.087583
3.076515
3.406856
4.782906
2.992124
3.500411
3.339157
3.722103
4.057646
2.723799
3.182339
4.276790
2.035314
3.970878
2.663212
3.922383
1.571369
3.246979
1.498244
3.516769
3.968407
4.190012
3.693336
4.004752
4.389296
2.767897
3.544988
2.379339
4.482594
2.172486
3.935897
4.561075
4.035792
4.482629
3.687068
3.790820
2.648479
3.678294
3.823464
4.447042
3.562695
3.151139
4.490462
3.366952
2.501509
4.437567
3.230153
3.767788
3.563271
3.807935
1.238539
2.494985
2.783155
4.107560
3.505869
4.231517
4.218585
3.947208
3.446052
3.777645
3.421607
4.528745
4.279196
3.399218
4.247551
3.480127
2.489571
4.978299
3.654291
3.236239
3.089048
2.287734
3.236775
3.620279
3.606160
4.370573
2.649033
3.481522
4.286922
4.220547
2.668183
4.184536
3.448227
2.890507
2.909625
2.586997
3.416633
2.793590
3.915844
2.445691
3.824011
3.257578
2.492523
2.495355
4.348729
1.762474
3.705524
3.409072
3.390856
2.650479
2.596278
3.198734
1.984880
4.153526
2.399956
4.650161
3.391671
4.193517
3.599107
2.962579
4.138279
4.221868
3.406275
2.989106
3.843399
3.495148
3.334702
4.020276
3.860024
3.497256
3.308065
3.620768
2.845348
1.571369
2.797813
3.120137
4.194668
3.302796
2.920387
3.400357
3.109783
3.568026
3.084738
3.784553
3.114779
2.897957
2.841719
2.948967
4.152187
4.016244
2.846404
4.019774
3.459345
1.504302
3.646722
4.443503
3.422988
4.274997
1.615451
4.884235
2.690500
3.677373
3.009388
4.206068
4.518147
1.571369
3.339209
4.072745
4.672152
3.778360
3.776144
3.642274
3.525014
4.005763
3.758725
2.647552
3.030260
3.313200
2.762856
3.300157
2.285464
3.969277
2.980083
3.450404
3.249828
3.981302
3.729458
4.299525
2.577909
4.885829
2.132987
4.230395
3.221902
1.949705
2.597730
4.148297
4.180952
3.856421
3.979965
2.371026
2.976086
2.471331
4.087595
3.978292
3.043811
2.738905
3.216296
4.557453
4.229568
3.590189
3.171021
3.858336
4.249759
4.304466
3.113015
3.864249
4.391246
3.841935
3.599379
3.129149
2.631317
2.501459
2.903636
4.435653
2.346086
3.768918
3.720500
3.868653
3.296684
3.189934
4.271448
3.929767
3.865869
3.856526
4.009623
4.123741
3.585430
3.443707
3.161617
3.481221
1.720482
4.940938
1.571369
2.373588
4.405290
3.885092
4.318477
2.000453
1.571369
2.972543
3.807588
1.524209
3.596885
3.808108
2.972528
3.696249
3.661640
2.315806
3.987244
4.236125
4.782225
3.881737
2.770768
3.785754
3.404027
3.062394
3.543212
3.761596
4.018737
4.412401
2.714760
2.644534
2.625878
3.889672
4.571083
3.446564
3.957951
4.400435
4.372754
3.408636
4.083978
2.920994
4.201801
3.389712
2.695062
3.305674
3.978506
4.306468
4.316552
3.661532
2.253016
3.051024
4.146078
3.146016
2.764383
4.373901
2.793694
3.301145
3.284972
3.354339
3.564472
4.300946
3.545425
2.966757
3.452569
1.873389
3.476117
4.415614
3.878089
4.035223
2.713455
4.177850
3.765483
4.065508
3.869407
3.680286
3.430842
4.236526
3.208606
2.411799
4.606985
3.916699
3.499918
3.747078
3.507458
4.968921
3.960670
1.533391
4.013106
3.479835
2.734826
3.659167
4.124664
3.949690
3.925165
2.265066
4.252880
2.626522
2.534675
3.953321
3.793757
3.816936
3.647273
3.648338
3.918782
3.266322
4.679207
3.278205
2.739635
3.248681
2.392569
2.945374
3.159942
3.525000
3.036520
3.585192
3.526605
3.655683
2.947186
3.270198
3.808429
4.405361
3.237109
3.969242
3.128607
2.438942
3.504406
3.378501
4.014156
3.843405
3.902790
4.394105
3.285992
2.410845
2.163871
4.068193
3.548708
3.220192
4.137126
1.612548
4.756723
3.113070
4.097333
3.975302
3.651811
2.366504
3.186451
3.720743
2.747774
3.949209
4.032639
3.126881
3.148988
4.385205
4.075987
3.574876
4.495838
4.135140
3.170807
4.096437
3.048556
3.435881
4.191337
3.736924
3.746896
3.814948
4.334514
3.430258
3.755131
2.426751
2.636234
3.916670
4.124925
3.801847
3.032812
3.900452
3.560401
4.345936
3.052066
2.612528
3.536356
3.523508
3.824149
3.710264
2.439073
1.992702
2.221411
2.881573
4.272199
3.518661
2.417561
3.802711
3.067998
4.252550
4.147060
3.721090
3.687293
4.425109
3.914573
2.043823
4.042971
2.247854
2.732565
3.908104
3.924929
2.813754
2.742907
1.871282
3.368916
3.779580
4.223793
4.434430
3.537836
4.086848
4.075644
2.462449
3.719747
3.385652
3.630508
3.783710
4.026530
3.514385
3.269455
3.714234
3.920305
4.070348
3.670348
3.915053
2.269011
3.830619
3.644752
2.036419
3.418104
3.890762
4.236007
1.623806
4.088284
3.487936
3.385207
3.520314
3.643703
3.432245
3.776627
3.633016
4.289783
4.400482
3.833179
3.306554
3.670827
4.120283
3.173721
3.168672
4.350647
2.810134
3.853054
3.767755
3.209154
2.427916
3.304499
3.666376
2.683012
3.334842
2.699427
3.278844
3.902517
2.832299
2.475132
4.195536
3.500288
3.909888
4.892493
2.999799
4.077673
2.995714
3.833150
4.272027
3.962718
3.951833
4.380569
2.674071
4.147220
4.207837
2.505429
3.920058
2.964735
2.953949
4.212742
4.685915
4.298499
4.360602
2.994549
3.291993
3.540164
3.403475
3.951876
3.892213
3.204932
3.686758
4.056355
4.330617
3.425916
3.779035
3.559171
3.416530
4.309365
4.131467
3.310652
4.104981
3.846701
2.355827
2.653954
3.745337
4.089764
4.662476
3.693970
3.432010
3.943618
4.050618
2.536144
3.530026
2.880630
3.848405
3.731484
2.759251
2.670659
3.780537
3.641074
3.983205
3.423271
3.589227
3.752991
2.479046
4.031150
3.774772
2.812952
3.510803
2.594107
2.465343
4.143450
3.864668
3.895294
3.752799
3.396777
4.211854
3.212110
4.377973
4.056860
3.906393
3.566659
2.681513
3.747705
2.973757
4.042883
3.425939
3.718152
3.567215
3.955145
4.179275
2.684548
2.250047
3.741895
3.788653
3.503734
3.586691
4.331094
4.219133
3.856650
3.518221
4.124326
3.731610
3.786275
1.496866
3.652924
3.904238
3.996212
2.049356
3.991381
3.811085
2.142919
3.353521
4.243813
3.834465
3.678968
3.826620
2.318417
2.592352
2.682092
4.441950
3.581908
4.866344
2.227614
3.941911
1.416405
3.388023
3.706531
2.157367
3.947453
3.926910
3.844471
3.539523
3.058563
3.251886
4.310191
4.060194
3.539974
3.695066
3.077858
3.831959
4.269603
3.308520
4.028376
3.961127
4.338031
1.571369
4.039216
3.016408
4.022005
3.964136
4.090820
3.698192
2.285815
4.258392
2.167425
3.484015
3.831189
2.526350
4.311460
2.966719
3.787315
2.994112
4.058489
3.427186
4.450358
2.639698
3.095916
3.269491
2.849470
4.181708
4.383990
3.050747
3.666846
3.788579
4.309910
4.500383
2.495309
2.843551
4.171403
2.508845
3.252374
3.673822
3.752861
3.435086
3.629071
2.979110
4.358440
2.357582
2.682417
1.994210
3.555291
2.007778
3.533134
3.661657
3.983057
4.351347
4.692327
3.462910
3.797690
4.291228
3.365534
3.458800
2.917755
2.966422
4.167700
2.734188
3.969788
3.501729
3.708128
4.481331
2.656951
3.005384
3.037817
4.130136
2.817160
3.455566
2.818988
3.123680
2.829424
2.468205
4.157693
4.246486
3.476525
4.296164
3.592310
3.890983
2.259341
4.340012
4.095389
3.085389
3.619116
1.680277
3.987803
3.902980
3.291281
3.516651
3.730501
4.207105
3.302677
3.184953
3.207721
4.300498
4.078806
3.663219
3.361866
3.346261
4.104767
3.207421
3.508811
2.855549
3.700432
3.797009
3.724852
3.771690
3.228715
4.486452
2.329742
2.204010
4.250930
3.588754
3.988625
3.609165
1.571369
1.571369
3.795569
3.178153
3.862060
2.492827
3.655834
3.739858
3.123394
3.382347
3.525899
4.595597
3.717865
3.887322
4.180848
3.903205
2.733692
4.294814
3.435868
3.823060
3.951215
3.636850
3.239332
3.482252
4.322092
3.289028
3.864184
3.516913
3.356631
2.727827
2.452641
4.194721
3.267113
3.737244
3.237353
3.330629
4.368095
4.310952
3.975531
3.146756
2.975682
3.657843
3.062893
4.216506
2.720732
3.516726
2.449137
3.057517
2.626587
3.258133
4.392502
3.263092
3.471966
4.257681
3.440941
3.401740
3.383580
2.871678
2.806194
4.095004
3.480047
3.467659
3.483612
3.690935
3.781349
4.687221
3.530798
4.262149
3.039697
3.575987
3.050320
3.461977
2.592821
4.369786
4.279839
2.576606
3.461623
3.876252
3.682130
2.135603
3.397309
3.547416
2.439097
3.689871
4.227647
4.251735
2.904410
2.827883
3.954131
4.198421
2.658998
4.770624
2.262547
3.309345
3.081741
2.067101
4.690974
3.498394
4.182671
4.612311
3.897480
2.502935
4.008119
2.667597
3.778339
3.983858
3.928512
3.275993
3.622414
3.577042
4.133924
4.254710
2.402684
3.908933
3.951329
3.939716
2.550357
3.320436
4.302363
3.742775
3.321156
4.527689
3.889452
3.703738
3.649594
3.537313
4.363768
2.430962
2.833927
4.075108
3.641673
3.821323
3.405180
3.421217
3.927707
3.648109
3.337786
1.861513
3.578633
3.790611
3.217123
3.639903
4.420623
4.774363
3.986628
3.684148
3.787090
3.912354
4.306454
3.380122
1.546191
3.232543
2.719899
1.731922
3.754803
4.112796
4.195170
3.116936
3.727660
4.072375
1.585086
3.849659
2.384267
3.579447
3.445313
2.670645
4.456601
3.583619
2.544103
3.683339
3.450550
3.769602
3.165173
3.201939
2.434915
4.512993
3.954002
3.866596
3.628207
3.305431
3.447132
4.163877
2.840192
3.611535
4.181829
1.570192
3.236673
3.289909
3.638335
3.337746
3.437442
3.559445
4.248379
4.101620
2.274692
3.991183
4.134143
3.878299
3.919612
3.145303
3.407644
4.106522
2.967652
4.478420
3.218886
3.754259
3.862763
4.076741
3.352268
4.345618
2.965026
3.840043
3.734896
4.693358
2.233696
3.921352
3.521724
3.724973
3.082679
4.583324
3.124349
3.275694
3.051548
3.778071
3.421285
3.292327
3.339874
2.869053
3.179410
4.030225
2.781357
3.230184
2.987307
3.702249
3.945081
3.599819
4.396601
4.164623
1.942419
4.382794
2.886042
3.864476
3.530420
3.353712
4.471914
4.408393
3.885056
4.312093
3.105348
4.463912
3.684229
2.200696
3.750178
3.478646
2.806288
3.285298
4.356519
3.749331
3.208539
3.955763
3.559315
3.975319
2.410086
3.437286
3.743535
2.361682
4.251752
4.437909
4.337041
3.449440
3.547683
3.808307
4.532790
3.772108
3.269985
4.119700
3.225795
2.920308
3.599360
3.706291
4.249318
2.364552
4.192379
3.305006
2.997396
3.413562
4.158920
3.808361
2.976162
2.576338
3.421796
2.180575
2.263241
3.579000
4.242455
3.871499
2.058012
4.520775
3.805520
4.297042
3.946842
3.616656
3.752310
4.497749
4.061846
3.973810
3.641866
3.468732
4.271484
2.543809
3.883536
4.218183
2.777072
4.206303
2.738719
3.600291
3.759199
3.295813
3.778751
4.345311
3.156983
3.221333
2.417058
3.611133
4.234869
3.675298
3.234295
3.178802
4.537875
4.328580
3.621287
4.059434
3.399139
3.762260
3.779824
3.606808
2.373125
3.102366
3.747515
3.844550
3.068089
4.117462
4.371802
4.181143
3.730700
3.663861
3.803676
3.514697
4.117496
3.651351
2.041975
3.377454
4.660272
4.175269
4.431150
4.059272
3.826469
2.486499
4.219634
2.749280
3.156887
2.886137
3.992789
3.220419
4.053411
4.094113
2.540883
3.647000
4.634635
3.132366
3.351584
3.515809
3.156069
4.252395
3.107312
4.440802
3.569932
4.082347
3.729951
3.826756
3.754641
3.735007
4.240147
2.218111
3.729444
3.969457
3.611597
2.877665
3.779444
3.689872
3.781527
3.558700
4.645250
1.794205
2.935654
3.559252
3.532315
3.808963
2.676776
3.491413
3.204007
3.868790
3.537509
3.559819
3.232741
4.057153
2.248166
2.249856
4.134319
3.857720
2.726172
4.603911
3.723823
3.407718
3.145167
3.437906
3.972784
3.506132
3.410232
4.244714
3.854772
4.101890
3.079070
4.646713
3.197731
2.989952
3.413658
4.195588
3.345939
4.050323
2.726117
3.209369
3.688655
3.640348
4.202687
2.815969
2.592429
2.976567
3.596905
3.180658
4.316032
2.947609
4.549902
3.813638
3.960664
4.585583
4.714379
4.513871
3.770754
3.708601
1.567702
2.454133
4.046323
4.344128
3.482455
3.547183
4.102695
3.853367
4.261146
3.795398
2.756375
4.209396
3.065764
3.287601
4.589964
3.175903
3.529747
2.970567
3.019302
3.638198
2.339803
2.076992
4.280547
4.036880
3.390283
3.770237
3.827272
3.796251
1.807149
3.218646
3.816849
2.190039
2.195286
3.195392
4.052999
3.410420
4.334874
4.266119
2.913049
3.498039
4.435851
4.323856
4.355009
3.221821
3.000824
3.020658
2.920687
3.891650
3.428597
2.690993
3.307741
2.158396
4.282341
3.187067
3.136253
4.019657
3.598750
2.277939
4.220816
4.091307
3.518009
2.866376
3.257694
4.306386
2.784821
1.571369
3.400859
3.153552
4.133803
4.194653
2.479285
3.305777
3.786514
3.398642
3.350631
3.140635
3.864528
3.041057
3.816504
2.548233
3.004118
4.758249
3.718640
3.829064
4.221938
3.067089
3.747125
2.768404
4.375162
2.896808
3.462240
3.561264
3.662543
3.094608
2.453286
3.797246
3.883457
3.950706
3.643669
3.875858
2.762822
4.102078
4.660398
2.965411
3.368808
4.159837
3.255962
2.724704
3.712672
3.503524
4.238385
3.772142
3.779492
3.944774
3.582433
4.626019
3.727245
4.493191
3.171122
3.878848
4.251504
3.334570
4.509739
3.985177
2.918383
3.447718
2.460327
3.581003
3.380786
4.439058
2.706761
3.572062
5.362979
3.447776
3.977390
3.643845
4.632445
3.586655
4.700199
3.839907
3.413245
4.625173
3.549891
4.507570
3.876590
4.385776
4.403339
3.962627
3.852219
4.332475
3.249559
3.006215
1.477779
3.437891
3.402585
3.442475
3.396290
4.119177
3.327027
3.330876
2.609862
3.919257
3.312642
3.776423
3.930521
3.541056
2.338284
3.233358
3.241907
3.645557
3.864601
2.670365
4.032710
3.411376
3.252359
1.563683
2.524464
3.898923
3.852194
3.625105
3.793017
3.675081
3.064561
3.539586
3.868994
3.784718
3.545588
2.689171
3.341918
2.828796
2.231765
4.658921
4.247879
3.487728
3.256139
2.005531
3.922353
3.747875
4.124819
4.146579
3.958984
3.425442
4.395404
4.268084
3.093193
3.801344
3.668148
3.083359
3.616832
2.322364
3.011307
3.084198
4.201457
4.055317
3.491801
2.830643
3.193946
2.978909
3.203467
2.102221
4.045863
3.304519
2.547636
3.755182
3.512086
4.324535
3.478107
4.039565
2.629280
4.408167
1.571369
3.793489
4.442847
3.549454
2.441910
3.768082
3.211534
4.242438
4.067356
3.221687
3.819619
3.987278
2.760975
3.464568
3.486722
3.471099
2.619652
3.914849
3.788033
3.902020
3.362352
4.588695
2.612123
3.431921
3.069917
3.146753
3.320443
3.947258
1.571369
4.170468
3.688054
4.589962
3.315132
3.944098
3.876259
3.244519
4.129751
3.787328
3.491061
4.064803
2.945428
2.683759
3.273704
2.401391
4.045768
3.219473
4.510259
3.849504
3.193140
4.116045
2.532541
3.511130
4.470948
2.989208
4.237084
2.519521
3.677742
3.664062
4.057117
4.126266
4.040818
4.316361
3.533334
4.062589
2.166525
3.811676
4.016296
1.571369
3.810017
3.473197
3.911851
3.957348
3.805149
4.812605
4.277730
3.725935
4.243994
2.544554
3.776609
3.451820
4.326314
3.335608
3.757356
4.304418
4.454777
3.389583
2.099220
3.368908
4.246752
4.464021
4.645373
3.694754
3.280555
3.831760
3.421472
3.809713
3.266565
4.258792
2.655051
4.268642
2.510970
3.018809
3.429760
3.310778
3.383169
3.010182
2.599434
1.571369
2.929053
3.810138
4.047614
4.148473
3.428444
2.959996
3.270519
3.781260
4.596866
4.130069
2.819527
3.321152
3.219250
4.018838
3.986195
3.391137
3.227466
3.769686
3.752521
3.535212
3.777458
3.696798
3.034424
2.757314
2.938184
2.863992
2.050314
3.591145
4.236474
3.512101
3.375198
4.166940
2.488551
4.435751
4.144337
3.524021
2.998288
2.114100
3.767086
3.973579
3.249238
2.890366
3.144984
2.795297
3.864077
3.086094
4.118479
3.145535
4.114838
3.917500
3.719546
3.917153
2.822331
2.963749
2.502735
3.647664
3.431449
3.383021
2.649176
4.006594
4.086353
3.749888
3.905139
4.431895
2.920324
3.592434
3.497479
3.575655
4.227405
3.633162
2.659627
3.799117
3.827917
3.372585
2.683080
4.051870
4.121462
3.738168
4.415669
4.005418
4.136812
4.563361
3.163145
3.192660
3.635674
3.518881
4.458113
3.637237
3.777554
4.627383
1.503450
4.258900
3.568025
3.211040
2.927385
4.014314
3.382552
3.928535
4.318454
3.104092
3.275172
4.151851
2.641083
2.856645
1.571369
4.007455
3.891974
3.812635
3.315116
2.630614
3.914220
3.440694
4.589159
3.731938
4.231253
3.943086
3.805263
3.496287
3.939909
4.429891
4.037829
2.057787
3.919266
3.600008
3.400853
4.862888
3.645555
3.649710
3.735741
3.252370
2.878351
4.116523
2.730138
3.559109
4.151835
3.092148
3.396923
4.191973
3.529518
3.940332
2.474951
2.990535
2.339003
3.665301
3.663395
3.509609
4.597159
3.987333
3.608888
3.895082
4.159987
2.960303
4.071444
4.026548
3.544489
4.197597
4.134467
3.244564
3.046731
3.112142
2.980551
2.213825
3.940725
2.178667
3.433854
2.691300
4.013202
2.994762
3.248861
2.976777
3.656280
3.611743
2.624270
4.152143
4.102385
3.291778
2.224937
3.837655
3.911483
1.660849
4.020520
4.108043
3.994440
3.951593
3.496497
3.471102
4.088537
3.537156
3.640068
4.179315
2.898942
3.595346
3.593635
2.446038
4.627278
3.880531
2.644663
4.261210
1.486820
4.242794
3.833756
3.427633
4.189445
3.483951
2.176036
1.501322
4.260856
4.671179
4.088806
2.320975
3.322517
3.339939
3.758047
3.802232
3.631308
3.205148
3.010308
2.185571
3.291611
4.315027
3.118636
4.056295
3.854659
3.603430
4.372222
3.924567
3.811244
3.125956
3.175527
4.216417
3.852120
4.362376
3.689846
3.881979
4.733572
3.270299
3.348375
2.719993
3.607857
4.561121
2.956472
3.757105
3.063466
3.897723
3.840243
3.973046
3.982830
1.997161
3.152709
2.952971
3.227433
3.797395
1.571369
4.343332
3.831985
3.602011
4.726475
4.116045
3.627868
3.842325
2.868503
3.240280
4.059021
2.862658
3.760976
3.619237
3.634849
3.164132
3.867582
2.019459
4.244986
2.756787
3.879002
4.549283
2.889348
1.697128
2.074653
3.944381
3.589261
2.546638
3.263391
3.177885
3.471719
4.160310
3.838665
2.515689
3.610923
3.292814
4.465336
4.404383
2.677698
3.162008
3.304110
4.100985
3.024993
4.432590
2.473089
4.476629
3.433658
3.002762
3.711017
3.992836
3.945195
4.297508
3.685547
3.502922
4.678353
3.868257
3.904036
3.618052
2.742598
3.368569
2.414701
3.174544
4.041629
3.823040
3.864199
3.712691
3.684266
4.446317
3.984362
2.890034
3.206017
4.025671
3.204987
4.311818
3.508048
4.225681
2.858902
3.882911
2.813494
3.559821
3.793851
4.508566
4.396065
2.812688
3.377020
4.225903
3.639521
4.155157
3.740958
2.969745
4.010513
2.975069
3.691531
3.414429
3.140839
3.597119
2.649539
3.182531
3.757238
3.513966
3.427030
4.048455
2.508087
3.965649
3.927256
3.466398
3.709425
3.250259
4.434985
3.306412
4.058225
3.745291
3.388015
4.139661
2.726969
3.524597
3.900817
2.947167
2.910769
3.642797
3.961149
3.574363
3.788049
3.708004
3.632050
3.238498
3.655404
3.247910
4.110950
3.020654
3.919819
3.901744
4.280735
1.571369
2.585112
3.982115
3.823607
1.810909
4.684370
4.077873
3.484859
2.755086
4.244875
3.984418
1.639784
3.344523
3.840446
4.451630
3.593830
2.915932
2.407676
3.840659
3.657221
3.330061
4.113471
3.564067
4.048897
3.920752
3.857662
3.520755
3.424872
4.046806
3.531430
4.231174
2.432040
3.939300
2.698519
3.826891
3.499012
2.544396
4.154388
4.177954
4.266324
2.724782
3.913412
3.858729
2.433780
3.827022
3.685205
1.876172
2.654405
2.893177
3.951251
3.453310
3.566942
3.195950
3.138111
3.292965
2.332937
4.539236
3.758119
3.875306
3.750749
3.622375
2.447924
3.504874
4.015327
3.575893
3.340728
3.508963
4.343893
3.810730
3.661926
3.344711
3.027126
2.586703
3.534451
4.334621
4.633633
4.258158
3.741408
4.330510
3.104396
4.152332
3.581934
2.362456
3.913027
2.607479
2.331749
4.171087
4.207695
3.553335
3.589068
4.225245
2.230816
2.435124
3.977587
2.884942
3.041417
3.526763
4.418307
3.088135
2.943665
2.438046
3.692516
3.341460
3.757214
3.032964
3.145875
3.709739
2.279567
3.734834
3.901621
2.642935
3.353760
3.273864
4.286402
3.428732
3.097226
4.292930
3.599075
3.280723
1.973981
4.263594
2.867253
4.741397
3.424758
3.118064
3.271662
3.596061
2.711176
1.571369
2.795297
2.935051
2.977810
3.224927
1.571369
2.975383
2.467264
1.813236
3.661693
4.503482
3.980036
3.573163
4.424364
4.212987
3.273539
4.075839
4.413422
3.427620
2.444543
